41
76
144
157
245
273
326
399
436
474
546
586
639
661
737
776
836
869
911
987
1025
1092
1128
1178
1216
1262
1344
1389
1409
1451
1504
1551
1621
1685
1726
1800
1839
1881
1941
1967
2042
2056
2106
2191
2216
2298
2339
2358
2444
2466
2506
2596
2627
2694
2702
2786
2816
2886
2907
2981
3037
3086
3122
3198
3221
3251
3335
3381
3434
3483
3511
3550
3634
3696
3743
3800
3839
3880
3906
3974
4006
4051
4106
4186
4228
4271
4328
4400
4444
4489
4541
4585
4617
4697
4730
4788
4844
4891
4942
4983
5024
5068
5107
5185
5201
5300
5309
5378
5443
5455
5517
5590
5645
5651
5721
5754
5805
5869
5905
5953
6041
6072
6102
6185
6242
6286
6335
6383
6441
6450
6525
6564
6650
6674
6746
6768
6831
6876
6940
6957
7037
7074
7105
7172
7231
7269
7310
7368
7400
7466
7523
7551
7627
7659
7720
7796
7844
7883
7929
8000
8008
8058
8102
8173
8243
8295
8305
8356
8401
8494
8521
8587
8637
8658
8750
8777
8833
8873
8948
8951
9017
9089
9138
9176
9249
9282
9322
9400
9433
9472
9538
9583
9633
9660
9734
9755
9809
9874
9909
9976
10040
10073
10101
10168
10232
10250
10342
10372
10439
10455
10550
10594
10630
10676
10717
10785
10820
10890
10947
10977
11034
11064
11119
11165
11234
11293
11343
11369
11431
11496
11535
11569
11608
11660
11708
11771
11822
11871
11950
11981
12040
12060
12139
12198
12211
12268
12338
12400
12428
12454
12510
12553
12650
12689
12748
12752
12841
12882
12905
12953
13017
13082
13111
13187
13234
13294
13318
13367
13409
13459
13500
13599
13631
13690
13706
13798
13812
13898
13926
13994
14016
14085
14115
14197
14218
14278
14337
14363
14419
14490
14531
14554
14613
14695
14725
14768
14834
14867
14930
14978
15048
15055
15123
15175
15213
15261
15330
15380
15433
15471
15527
15555
15611
15661
15729
15770
15842
15881
15905
15986
16048
16092
16109
16159
16242
16281
16320
16353
16431
16484
16527
16579
16627
16664
16739
16754
16803
16861
16942
16963
17020
17088
17150
17174
17219
17257
17324
17376
17433
17461
17519
17573
17624
17691
17743
17775
17830
17886
17900
17987
18032
18070
18104
18153
18239
18292
18314
18376
18415
18496
18544
18576
18633
18697
18704
18753
18823
18895
18935
18985
19041
19081
19119
19172
19215
19254
19314
19372
19408
19471
19549
19557
19627
19689
19703
19798
19848
19883
19924
19993
20019
20071
20105
20167
20227
20276
20342
20385
20426
20454
20520
20553
20650
20665
20737
20782
20845
20881
20915
20991
21011
21077
21116
21157
21229
21264
21308
21393
21400
21456
21502
21582
21635
21663
21726
21783
21839
21891
21907
21986
22043
22098
22109
22153
22234
22285
22335
22388
22407
22495
22514
22593
22630
22681
22735
22789
22847
22870
22941
22962
23043
23086
23117
23198
23235
23265
23338
23381
23415
23463
23525
23562
23620
23661
23716
23751
23837
23859
23900
23972
24027
24094
24116
24190
24211
24294
24336
24379
24412
24479
24548
24594
24636
24691
24716
24771
24828
24878
24945
24961
25047
25100
25121
25182
25218
25296
25305
25374
25439
25460
25534
25571
25623
25688
25727
25798
25807
25897
25913
25961
26006
26098
26130
26162
26248
26277
26344
26392
26431
26497
26538
26595
26638
26674
26725
26750
26830
26882
26914
26995
27046
27068
27139
27180
27205
27289
27331
27373
27419
27482
27537
27600
27606
27656
27737
27764
27801
27856
27933
27990
28028
28091
28139
28178
28207
28256
28339
28379
28443
28485
28524
28556
28602
28654
28736
28754
28849
28887
28900
28977
29018
29082
29132
29165
29220
29257
29344
29375
29429
29455
29506
29577
29613
29651
29728
29782
29822
29886
29907
29970
30040
30064
30131
30196
30240
30262
30307
30380
30409
30484
30518
30566
30600
30661
30748
30755
30817
30859
30933
30976
31018
31087
31140
31200
31245
31293
31330
31364
31426
31496
31501
31594
31626
31690
31723
31796
31802
31861
31946
31987
32014
32092
32148
32158
32243
32256
32308
32377
32407
32463
32525
32554
32602
32671
32733
32792
32822
32894
32920
32973
33006
33064
33117
33196
33230
33257
33320
33374
33405
33468
33503
33564
33627
33689
33750
33789
33844
33885
33918
33952
34027
34098
34108
34184
34246
34261
34315
34354
34417
34461
34529
34575
34644
34676
34726
34751
34820
34860
34901
34951
35006
35096
35125
35189
35212
35255
35326
35362
35433
35466
35510
35569
35631
35658
35719
35756
35828
35874
35924
35959
36005
36075
36119
36187
36230
36291
36306
36382
36443
36492
36501
36585
36605
36677
36750
36790
36826
36854
36941
36997
37031
37072
37141
37181
37222
37270
37317
37352
37425
37454
37517
37558
37627
37699
37709
37785
37818
37869
37915
37978
38043
38095
38144
38199
38209
38297
38325
38367
38437
38483
38514
38595
38628
38684
38719
38790
38846
38886
38950
38983
39024
39062
39150
39192
39201
39291
39336
39388
39445
39482
39505
39551
39615
39679
39738
39792
39826
39880
39921
39988
40031
40075
40104
40192
40201
40292
40304
40371
40405
40497
40546
40550
40613
40650
40708
40771
40808
40870
40944
40980
41022
41081
41114
41174
41247
41296
41312
41357
41449
41454
41507
41564
41638
41669
41710
41779
41813
41895
41902
41988
42026
42088
42124
42154
42227
42298
42332
42382
42440
42487
42550
42597
42609
42680
42724
42765
42828
42895
42926
42991
43025
43079
43110
43192
43207
43258
43331
43363
43426
43492
43502
43575
43600
43676
43721
43794
43802
43865
43921
43956
44009
44096
44141
44169
44231
44293
44315
44386
44406
44473
44544
44576
44614
44666
44723
44799
44842
44866
44901
44986
45012
45051
45143
45159
45226
45296
45315
45362
45427
45460
45532
45581
45636
45664
45708
45792
45846
45873
45921
45997
46027
46088
46115
46157
46200
46266
46332
46364
46436
46487
46528
46555
46646
46682
46741
46794
46811
46884
46913
46981
47015
47091
47146
47189
47202
47258
47321
47390
47450
47475
47529
47560
47643
47655
47734
47767
47809
47861
47901
47974
48010
48050
48148
48172
48200
48281
48339
48375
48435
48484
48528
48594
48629
48652
48730
48797
48841
48851
48904
48980
49014
49063
49108
49196
49218
49253
49320
49381
49404
49489
49528
49569
49600
49680
49716
49785
49812
49876
49905
49990