343,-1.0164148807525635,-1.1268558502197266,-1.1329569816589355,-1.301887035369873,-1.4865376949310303,-1.7603601217269897,-1.7603601217269897,-1.7603601217269897,-1.7603601217269897,-2.055293321609497,-2.2251100540161133,-2.2377092838287354,-2.2377092838287354,-2.2377092838287354,-2.2377092838287354,-2.2377092838287354,-2.2377092838287354,-2.2377092838287354,-2.2377092838287354,
619,0.3263370990753174,0.19733548164367676,0.1623237133026123,0.06254792213439941,0.06254792213439941,-0.12154698371887207,-0.24840521812438965,-0.2552909851074219,-0.2552909851074219,-0.2552909851074219,-0.2552909851074219,-0.2552909851074219,-0.4060966968536377,-0.4208803176879883,-0.4214639663696289,-0.4214639663696289,-0.4214639663696289,-0.4214639663696289,-0.4214639663696289,
1307,-2.424987316131592,-2.5613420009613037,-2.5829014778137207,-2.71455454826355,-2.71455454826355,-2.884357213973999,-2.904289484024048,-2.9064249992370605,-2.9064249992370605,-2.9145736694335938,-2.9436864852905273,-2.947664976119995,-3.0753579139709473,-3.081566333770752,-3.08197283744812,-3.08197283744812,-3.08197283744812,-3.08197283744812,-3.08197283744812,
1690,-2.2844107151031494,-2.4134345054626465,-2.8621678352355957,-2.8621678352355957,-2.8621678352355957,-3.534693717956543,-3.6248104572296143,-3.6248104572296143,-3.6248104572296143,-3.6248104572296143,-3.6248104572296143,-3.625782012939453,-3.625782012939453,-3.625782012939453,-3.625782012939453,-3.625782012939453,-3.625782012939453,-3.625782012939453,-3.625782012939453,
2033,-3.280398368835449,-3.4848647117614746,-4.002481937408447,-4.002481937408447,-4.0991129875183105,-4.250831604003906,-4.250831604003906,-4.250831604003906,-4.250831604003906,-4.250831604003906,-4.250831604003906,-4.250831604003906,-4.250831604003906,-4.250831604003906,-4.250948905944824,-4.250948905944824,-4.250948905944824,-4.250948905944824,-4.250948905944824,
2943,-3.7373411655426025,-3.7373411655426025,-3.9087166786193848,-3.9400792121887207,-3.9987990856170654,-4.1899733543396,-4.1899733543396,-4.34347677230835,-4.484088897705078,-4.484363079071045,-4.484363079071045,-4.484363079071045,-4.484363079071045,-4.484363079071045,-4.484363079071045,-4.484363079071045,-4.484363079071045,-4.484363079071045,-4.484363079071045,
3500,1.4573280811309814,1.2180249691009521,1.1821796894073486,1.1591145992279053,1.0470778942108154,0.806267499923706,0.7794787883758545,0.7794787883758545,0.7794787883758545,0.7794787883758545,0.7794787883758545,0.7794787883758545,0.7794787883758545,0.7794787883758545,0.7794787883758545,0.7794787883758545,0.7794787883758545,0.7794787883758545,0.7794787883758545,
3867,-2.0976181030273438,-2.0976181030273438,-2.2154369354248047,-2.2280490398406982,-2.2670071125030518,-2.431429386138916,-2.5622754096984863,-2.5637094974517822,-2.5637094974517822,-2.5637094974517822,-2.5637094974517822,-2.5637094974517822,-2.5637094974517822,-2.5637094974517822,-2.5637094974517822,-2.5637094974517822,-2.5637094974517822,-2.5637094974517822,-2.5637094974517822,
4126,-1.1771564483642578,-1.19706130027771,-1.19706130027771,-1.1972832679748535,-1.4530243873596191,-1.5919694900512695,-1.5919694900512695,-1.7323644161224365,-1.7901113033294678,-1.7901113033294678,-1.7901113033294678,-1.7901113033294678,-1.7901113033294678,-1.7901113033294678,-1.7901113033294678,-1.7901113033294678,-1.7901113033294678,-1.7901113033294678,-1.7901113033294678,
4992,-4.780608177185059,-5.098677158355713,-5.098677158355713,-5.098677158355713,-5.098677158355713,-5.098677158355713,-5.330293655395508,-5.345751762390137,-5.345751762390137,-5.345751762390137,-5.345751762390137,-5.345751762390137,-5.345751762390137,-5.345751762390137,-5.345751762390137,-5.345751762390137,-5.345751762390137,-5.345751762390137,-5.345751762390137,
5162,-5.475471496582031,-5.616929054260254,-5.6518964767456055,-5.879406452178955,-5.91466760635376,-6.166309356689453,-6.2239508628845215,-6.224667072296143,-6.224667072296143,-6.2718071937561035,-6.282029151916504,-6.282029151916504,-6.282029151916504,-6.282029151916504,-6.282029151916504,-6.282029151916504,-6.282029151916504,-6.282029151916504,-6.282029151916504,
5869,0.6249098777770996,0.6249098777770996,0.6161603927612305,0.5291919708251953,0.5286238193511963,0.41459131240844727,0.31419849395751953,0.027858495712280273,-0.09391975402832031,-0.10271406173706055,-0.10271406173706055,-0.10271406173706055,-0.10271406173706055,-0.10271406173706055,-0.10271406173706055,-0.10271406173706055,-0.10271406173706055,-0.10271406173706055,-0.10271406173706055,
6200,-2.7337660789489746,-2.7337660789489746,-2.783484697341919,-2.783484697341919,-2.896725654602051,-2.9156765937805176,-3.265552043914795,-3.545623779296875,-3.5540080070495605,-3.5540080070495605,-3.5540080070495605,-3.5540080070495605,-3.5540080070495605,-3.5540080070495605,-3.5540080070495605,-3.5540080070495605,-3.5540080070495605,-3.5540080070495605,-3.5540080070495605,
6827,2.763657808303833,2.763657808303833,2.304502248764038,2.1494810581207275,2.1494810581207275,1.2437255382537842,1.1959292888641357,1.1940844058990479,1.1940844058990479,1.1940844058990479,1.1940844058990479,1.1940844058990479,1.1940844058990479,1.1940844058990479,1.1940844058990479,1.1940844058990479,1.1940844058990479,1.1940844058990479,1.1940844058990479,
7210,3.197559356689453,2.849475383758545,2.849475383758545,2.849475383758545,2.6610307693481445,2.2726693153381348,2.2465310096740723,2.242868423461914,2.242868423461914,2.1067590713500977,2.027994155883789,2.0192790031433105,2.0192790031433105,2.0192790031433105,2.0192790031433105,2.0192790031433105,2.0192790031433105,2.0192790031433105,2.0192790031433105,
7592,-3.3395581245422363,-3.3395581245422363,-3.444087028503418,-3.4806206226348877,-3.528062343597412,-3.685509204864502,-3.8319501876831055,-3.8440804481506348,-3.8440804481506348,-3.8440804481506348,-3.8440804481506348,-3.8440804481506348,-3.912403106689453,-3.933462619781494,-3.933462619781494,-3.933462619781494,-3.933462619781494,-3.933462619781494,-3.933462619781494,
8300,-0.2688732147216797,-0.3600001335144043,-0.6718831062316895,-0.8050036430358887,-0.9218230247497559,-1.0097415447235107,-1.0461430549621582,-1.0461430549621582,-1.0461430549621582,-1.0461430549621582,-1.0584502220153809,-1.1319637298583984,-1.1369860172271729,-1.1369860172271729,-1.1369860172271729,-1.1369860172271729,-1.1369860172271729,-1.216611623764038,-1.2189006805419922,
8510,-1.0942692756652832,-1.0942692756652832,-1.0942692756652832,-1.2832207679748535,-1.3985381126403809,-1.8488988876342773,-1.8572561740875244,-1.8572561740875244,-1.8572561740875244,-1.8572561740875244,-1.8572561740875244,-1.8572561740875244,-1.8572561740875244,-1.8572561740875244,-1.8572561740875244,-1.8572561740875244,-1.8572561740875244,-1.8572561740875244,-1.8572561740875244,
9336,0.40296006202697754,0.3866136074066162,0.357222318649292,0.3287837505340576,0.2920081615447998,0.1498878002166748,0.13550305366516113,0.13550305366516113,0.13550305366516113,0.13550305366516113,0.13550305366516113,0.13550305366516113,0.13550305366516113,0.13550305366516113,0.13550305366516113,0.13550305366516113,-0.030716419219970703,-0.03452873229980469,-0.03452873229980469,
9753,-0.22339081764221191,-0.22339081764221191,-0.3176567554473877,-0.33892369270324707,-0.46656274795532227,-0.46656274795532227,-0.46656274795532227,-0.49326634407043457,-0.5227396488189697,-0.5227396488189697,-0.5227396488189697,-0.6104476451873779,-0.6161584854125977,-0.6161584854125977,-0.6161584854125977,-0.6161584854125977,-0.6161584854125977,-0.6161584854125977,-0.6161584854125977,
10390,-0.6767709255218506,-1.1165261268615723,-1.1165261268615723,-1.1165261268615723,-1.1165261268615723,-1.477266788482666,-1.823610544204712,-1.9230704307556152,-1.9230704307556152,-1.9230704307556152,-1.9230704307556152,-1.9230704307556152,-1.9230704307556152,-1.9230704307556152,-1.9230704307556152,-1.9230704307556152,-1.9230704307556152,-1.9230704307556152,-1.9230704307556152,
10760,-2.286332607269287,-3.035189151763916,-3.610299587249756,-3.641829490661621,-3.719264268875122,-3.784677028656006,-3.7875120639801025,-3.9361400604248047,-3.9463069438934326,-3.9463069438934326,-3.9463069438934326,-3.9463069438934326,-3.9463069438934326,-3.9463069438934326,-3.9463069438934326,-3.9463069438934326,-3.9463069438934326,-3.9463069438934326,-3.9463069438934326,
11202,-1.664575457572937,-1.881414771080017,-1.9185335636138916,-2.1178507804870605,-2.254242181777954,-2.409477949142456,-2.446218967437744,-2.5195417404174805,-2.520296812057495,-2.520296812057495,-2.520296812057495,-2.520296812057495,-2.597252368927002,-2.6068551540374756,-2.6068551540374756,-2.6068551540374756,-2.6068551540374756,-2.6068551540374756,-2.6068551540374756,
11954,-2.5049943923950195,-2.5078744888305664,-2.5078744888305664,-2.5744564533233643,-2.72650408744812,-2.905557870864868,-2.915303945541382,-2.9160447120666504,-2.9160447120666504,-2.9160447120666504,-2.9160447120666504,-2.9160447120666504,-2.9160447120666504,-2.9160447120666504,-2.9160447120666504,-2.9566657543182373,-3.064849853515625,-3.067387580871582,-3.0675110816955566,
12500,-5.466681003570557,-5.612653732299805,-5.786040306091309,-5.797606468200684,-6.0477824211120605,-6.095383644104004,-6.099161148071289,-6.099161148071289,-6.099161148071289,-6.099161148071289,-6.099161148071289,-6.099161148071289,-6.099161148071289,-6.099161148071289,-6.405304908752441,-6.472650527954102,-6.477910041809082,-6.477910041809082,-6.477910041809082,
12713,-1.3197522163391113,-1.372251033782959,-1.4057917594909668,-1.6065309047698975,-1.811661720275879,-2.020390033721924,-2.2192249298095703,-2.2606968879699707,-2.2629032135009766,-2.2629032135009766,-2.2629032135009766,-2.2629032135009766,-2.2629032135009766,-2.2629032135009766,-2.2629032135009766,-2.2629032135009766,-2.2629032135009766,-2.2629032135009766,-2.2629032135009766,
13135,1.8375048637390137,1.7029013633728027,1.256103515625,1.256103515625,1.2108759880065918,0.7950639724731445,0.7771449089050293,0.7771449089050293,0.7771449089050293,0.7771449089050293,0.7771449089050293,0.7771449089050293,0.7771449089050293,0.7771449089050293,0.7771449089050293,0.7771449089050293,0.7771449089050293,0.7771449089050293,0.7771449089050293,
13829,-0.3526134490966797,-0.3526134490966797,-0.3997795581817627,-0.3997795581817627,-0.4565572738647461,-0.8974707126617432,-1.0230681896209717,-1.0274827480316162,-1.0275986194610596,-1.0275986194610596,-1.0275986194610596,-1.0275986194610596,-1.0275986194610596,-1.0275986194610596,-1.0275986194610596,-1.0275986194610596,-1.0275986194610596,-1.0275986194610596,-1.0275986194610596,
14176,1.112506628036499,0.9218924045562744,0.9218924045562744,0.9218924045562744,0.9218924045562744,0.7339029312133789,0.6571657657623291,0.6561582088470459,0.6561582088470459,0.6561582088470459,0.6561582088470459,0.6561582088470459,0.6561582088470459,0.6561582088470459,0.5698103904724121,0.5340330600738525,0.5340330600738525,0.5340330600738525,0.5340330600738525,
14879,-3.8738880157470703,-4.298556804656982,-4.854099750518799,-5.400234222412109,-5.521745681762695,-6.226677894592285,-6.262880325317383,-6.262880325317383,-6.262880325317383,-6.262880325317383,-6.262880325317383,-6.262880325317383,-6.262880325317383,-6.262880325317383,-6.262880325317383,-6.262880325317383,-6.262880325317383,-6.262880325317383,-6.262880325317383,
15149,1.3881402015686035,1.0059356689453125,1.0059356689453125,0.9710168838500977,0.9525008201599121,0.4786229133605957,0.24636197090148926,0.20551156997680664,0.20485591888427734,0.20485591888427734,0.20485591888427734,0.20485591888427734,0.20485591888427734,0.20485591888427734,0.20485591888427734,0.20485591888427734,0.20485591888427734,0.20485591888427734,0.20485591888427734,
15620,-3.382094144821167,-3.4563095569610596,-3.495135545730591,-3.553943157196045,-3.558269739151001,-3.572913408279419,-3.572913408279419,-3.572913408279419,-3.572913408279419,-3.572913408279419,-3.572913408279419,-3.572913408279419,-3.572913408279419,-3.572913408279419,-3.572913408279419,-3.572913408279419,-3.572913408279419,-3.572913408279419,-3.572913408279419,
16098,-0.7305595874786377,-0.7847344875335693,-0.9850730895996094,-1.1315348148345947,-1.1315348148345947,-1.8586573600769043,-1.987478494644165,-2.0034284591674805,-2.0036215782165527,-2.0036215782165527,-2.0036215782165527,-2.0036215782165527,-2.0036215782165527,-2.0036215782165527,-2.0036215782165527,-2.0036215782165527,-2.0036215782165527,-2.0036215782165527,-2.0036215782165527,
16994,-2.0921778678894043,-2.3574471473693848,-2.8601062297821045,-3.7407829761505127,-3.8767547607421875,-4.143327713012695,-4.148487091064453,-4.371233940124512,-4.413877010345459,-4.413877010345459,-4.413877010345459,-4.413877010345459,-4.413877010345459,-4.413877010345459,-4.413877010345459,-4.413877010345459,-4.413877010345459,-4.413877010345459,-4.413877010345459,
17485,-2.0837912559509277,-2.1476657390594482,-2.2451071739196777,-2.2451071739196777,-2.3537445068359375,-2.400603771209717,-2.404536724090576,-2.404536724090576,-2.404536724090576,-2.404536724090576,-2.406304359436035,-2.4063072204589844,-2.4063072204589844,-2.4063072204589844,-2.4063072204589844,-2.4063072204589844,-2.4063072204589844,-2.4063072204589844,-2.4063072204589844,
17950,-1.6498188972473145,-1.6726160049438477,-1.6726160049438477,-1.9691824913024902,-2.085664987564087,-2.182155132293701,-2.1835644245147705,-2.1835644245147705,-2.1835644245147705,-2.1835644245147705,-2.1835644245147705,-2.1835644245147705,-2.1835644245147705,-2.1835644245147705,-2.1835644245147705,-2.1835644245147705,-2.1835644245147705,-2.1835644245147705,-2.1835644245147705,
18020,-3.374143362045288,-3.374143362045288,-3.374143362045288,-3.374143362045288,-3.374143362045288,-3.374143362045288,-3.374143362045288,-3.724285364151001,-3.8005096912384033,-3.822221040725708,-3.822221040725708,-3.822221040725708,-3.822221040725708,-3.822221040725708,-3.822221040725708,-3.822221040725708,-3.822221040725708,-3.822221040725708,-3.822221040725708,
18505,-2.619067668914795,-2.619067668914795,-2.7386527061462402,-2.7386527061462402,-2.7497849464416504,-2.804896831512451,-2.8772640228271484,-2.8799476623535156,-2.8799476623535156,-2.9758784770965576,-2.985116958618164,-2.985116958618164,-2.985116958618164,-2.985116958618164,-2.985116958618164,-2.985116958618164,-2.985116958618164,-2.985116958618164,-2.985116958618164,
19317,-4.1963043212890625,-4.394689083099365,-4.401367664337158,-4.578879356384277,-4.5874786376953125,-4.778934001922607,-4.778934001922607,-4.778934001922607,-4.8890485763549805,-4.8890485763549805,-4.8890485763549805,-4.8890485763549805,-4.8890485763549805,-4.8890485763549805,-4.8890485763549805,-4.8890485763549805,-4.8890485763549805,-5.047852039337158,-5.048079490661621,
19536,-4.791635990142822,-5.415128707885742,-5.415128707885742,-5.415128707885742,-5.415128707885742,-6.10101318359375,-6.119255065917969,-6.119255065917969,-6.16507625579834,-6.16507625579834,-6.16507625579834,-6.16507625579834,-6.16507625579834,-6.16507625579834,-6.16507625579834,-6.16507625579834,-6.245366096496582,-6.247702598571777,-6.248783111572266,
20065,0.5047316551208496,0.3181419372558594,-0.31041693687438965,-0.39331960678100586,-0.4668912887573242,-0.549504280090332,-1.1027145385742188,-1.181145191192627,-1.181145191192627,-1.181145191192627,-1.181145191192627,-1.181145191192627,-1.181145191192627,-1.181145191192627,-1.181145191192627,-1.181145191192627,-1.181145191192627,-1.181145191192627,-1.181145191192627,
20832,-0.9466407299041748,-1.1012399196624756,-1.5668165683746338,-1.5870919227600098,-1.6116511821746826,-1.9719270467758179,-2.0153515338897705,-2.0153515338897705,-2.298973560333252,-2.437812328338623,-2.448000907897949,-2.448000907897949,-2.448000907897949,-2.448000907897949,-2.448000907897949,-2.448000907897949,-2.448000907897949,-2.448000907897949,-2.448000907897949,
21246,-4.382699012756348,-4.382699012756348,-4.501426696777344,-4.528444290161133,-4.562473773956299,-4.840256690979004,-4.915432453155518,-4.919140815734863,-4.919140815734863,-4.919140815734863,-4.919140815734863,-4.919140815734863,-4.919140815734863,-4.919140815734863,-4.919140815734863,-4.956305503845215,-4.958625793457031,-4.958625793457031,-4.958625793457031,
21925,-2.016481876373291,-2.016481876373291,-2.434873580932617,-2.434873580932617,-2.4862215518951416,-3.0865259170532227,-3.3538835048675537,-3.3657143115997314,-3.3657143115997314,-3.3657143115997314,-3.3657143115997314,-3.3657143115997314,-3.3657143115997314,-3.3657143115997314,-3.3657143115997314,-3.3657143115997314,-3.3657143115997314,-3.3657143115997314,-3.3657143115997314,
22487,-3.229660987854004,-3.608776569366455,-3.608776569366455,-4.067906856536865,-4.097840309143066,-4.751996040344238,-4.7787652015686035,-4.780456066131592,-4.780456066131592,-4.780456066131592,-4.780456066131592,-4.780456066131592,-4.780456066131592,-4.780456066131592,-4.780456066131592,-5.030118942260742,-5.049088954925537,-5.049088954925537,-5.41258430480957,
22748,1.3370747566223145,1.3351960182189941,1.0948445796966553,1.075523853302002,0.9214177131652832,-0.13597750663757324,-0.21481084823608398,-0.21481084823608398,-0.21481084823608398,-0.21481084823608398,-0.21481084823608398,-0.21481084823608398,-0.21481084823608398,-0.21481084823608398,-0.21481084823608398,-0.21481084823608398,-0.21481084823608398,-0.21481084823608398,-0.21481084823608398,
23489,-2.493790626525879,-2.9301860332489014,-2.9718868732452393,-2.993619441986084,-3.0174973011016846,-3.3225436210632324,-3.369115114212036,-3.400029182434082,-3.7708702087402344,-3.7779006958007812,-3.9020023345947266,-3.9130988121032715,-3.9130988121032715,-3.9130988121032715,-3.9130988121032715,-3.9130988121032715,-3.9130988121032715,-3.9130988121032715,-3.9130988121032715,
23572,-6.57316780090332,-6.643351078033447,-6.928005218505859,-7.1482133865356445,-7.1482133865356445,-7.179103374481201,-7.179103374481201,-7.179103374481201,-7.179103374481201,-7.179103374481201,-7.404193878173828,-7.413013458251953,-7.413013458251953,-7.413013458251953,-7.413013458251953,-7.413013458251953,-7.414098262786865,-7.414098262786865,-7.414098262786865,
24374,-1.7997920513153076,-1.7997920513153076,-2.0660505294799805,-2.1583163738250732,-2.274625539779663,-2.489950180053711,-2.5192956924438477,-2.520740509033203,-2.520740509033203,-2.520740509033203,-2.520740509033203,-2.520740509033203,-2.520740509033203,-2.520740509033203,-2.520740509033203,-2.520740509033203,-2.560255527496338,-2.634624481201172,-2.634830951690674,
24724,-2.086902618408203,-2.137185573577881,-2.309934616088867,-2.309934616088867,-2.4412498474121094,-2.776803493499756,-2.7859606742858887,-2.7859606742858887,-2.7859606742858887,-2.7859606742858887,-3.008068084716797,-3.1271140575408936,-3.130537509918213,-3.130537509918213,-3.130537509918213,-3.130537509918213,-3.130537509918213,-3.130537509918213,-3.130537509918213,
25083,-2.631805896759033,-2.6929121017456055,-2.7141339778900146,-2.9065980911254883,-3.6063172817230225,-3.656360626220703,-3.6675195693969727,-3.6675195693969727,-3.6675195693969727,-3.6675195693969727,-3.6675195693969727,-3.6675195693969727,-3.6675195693969727,-3.6675195693969727,-3.6675195693969727,-3.6675195693969727,-3.6675195693969727,-3.6675195693969727,-3.6675195693969727,
25508,-2.5377213954925537,-2.5377213954925537,-2.5377213954925537,-2.5377213954925537,-2.808156967163086,-3.1678922176361084,-3.1866092681884766,-3.6739583015441895,-3.7632980346679688,-3.7632980346679688,-3.7632980346679688,-3.7632980346679688,-3.7632980346679688,-3.7632980346679688,-3.7632980346679688,-3.7632980346679688,-3.7632980346679688,-3.7632980346679688,-3.7632980346679688,
26094,-2.883641242980957,-3.114678382873535,-3.5186305046081543,-3.5186305046081543,-3.6373684406280518,-3.7835278511047363,-3.7869741916656494,-4.127374172210693,-4.177056312561035,-4.177056312561035,-4.177056312561035,-4.219444274902344,-4.238516807556152,-4.238516807556152,-4.238516807556152,-4.238516807556152,-4.238516807556152,-4.238516807556152,-4.238516807556152,
26594,-5.363221168518066,-5.900021553039551,-5.900021553039551,-5.959439277648926,-6.042451858520508,-6.9992218017578125,-7.035971641540527,-7.035971641540527,-7.219503879547119,-7.224057674407959,-7.224057674407959,-7.224057674407959,-7.224057674407959,-7.224057674407959,-7.224057674407959,-7.224057674407959,-7.224057674407959,-7.224057674407959,-7.224057674407959,
27274,-5.249189376831055,-5.452000617980957,-5.778007984161377,-5.778007984161377,-5.979806900024414,-6.104331970214844,-6.105463981628418,-6.105463981628418,-6.105463981628418,-6.105463981628418,-6.464380264282227,-6.572897911071777,-6.573556900024414,-6.573556900024414,-6.573556900024414,-6.573556900024414,-6.573556900024414,-6.573556900024414,-6.573556900024414,
27751,-5.160774230957031,-5.350113391876221,-5.439138889312744,-5.691789627075195,-5.691789627075195,-6.063314914703369,-6.085578918457031,-6.085578918457031,-6.085578918457031,-6.085578918457031,-6.085578918457031,-6.085578918457031,-6.085578918457031,-6.085578918457031,-6.085578918457031,-6.085578918457031,-6.085578918457031,-6.085578918457031,-6.085578918457031,
28308,3.470102071762085,2.727142572402954,2.648972272872925,2.6312568187713623,2.4217031002044678,2.109083414077759,1.9039204120635986,1.8897173404693604,1.8897173404693604,1.8897173404693604,1.680858850479126,1.6598093509674072,1.4409492015838623,1.3827579021453857,1.3827579021453857,1.3827579021453857,1.3827579021453857,1.3827579021453857,1.3827579021453857,
28945,-3.6145427227020264,-3.6145427227020264,-3.6335806846618652,-3.6885664463043213,-3.7169294357299805,-4.148664951324463,-4.166508674621582,-4.166508674621582,-4.166508674621582,-4.166508674621582,-4.166508674621582,-4.167607307434082,-4.167607307434082,-4.167607307434082,-4.167607307434082,-4.167607307434082,-4.167607307434082,-4.167607307434082,-4.167607307434082,
29272,-5.62422513961792,-5.773660659790039,-6.371432781219482,-6.386928081512451,-6.447722434997559,-6.570058822631836,-6.7080817222595215,-6.717281341552734,-6.7374701499938965,-6.748600006103516,-6.748600006103516,-6.748600006103516,-6.748600006103516,-6.748600006103516,-6.748600006103516,-6.786244869232178,-6.789076328277588,-6.789186477661133,-6.789186477661133,
29995,2.637458562850952,2.248347520828247,2.248347520828247,2.248347520828247,2.248347520828247,1.9898087978363037,1.9443457126617432,1.871403455734253,1.8690011501312256,1.8690011501312256,1.8690011501312256,1.8690011501312256,1.8690011501312256,1.8690011501312256,1.8690011501312256,1.8690011501312256,1.8690011501312256,1.8690011501312256,1.8690011501312256,
30252,-1.7771068811416626,-2.046935796737671,-2.102031707763672,-2.2954823970794678,-2.310647487640381,-2.6491706371307373,-2.669212818145752,-2.669212818145752,-2.669212818145752,-2.669212818145752,-2.669212818145752,-2.669212818145752,-2.669212818145752,-2.669212818145752,-2.669212818145752,-2.669212818145752,-2.669212818145752,-2.669212818145752,-2.669212818145752,
30895,-2.133159875869751,-2.276324987411499,-2.332087516784668,-2.3837130069732666,-2.4559173583984375,-2.9503540992736816,-3.056262969970703,-3.058842182159424,-3.058842182159424,-3.058842182159424,-3.058842182159424,-3.058842182159424,-3.058842182159424,-3.058842182159424,-3.058842182159424,-3.058842182159424,-3.058842182159424,-3.058842182159424,-3.058842182159424,
31211,-2.161649703979492,-2.626559257507324,-2.6667840480804443,-2.6929779052734375,-2.717060089111328,-2.8377845287323,-2.8934009075164795,-2.8959367275238037,-2.8959367275238037,-2.8959367275238037,-2.8959367275238037,-2.8959367275238037,-2.8959367275238037,-3.017150402069092,-3.0509936809539795,-3.0517611503601074,-3.0517611503601074,-3.0517611503601074,-3.0517611503601074,
31555,-3.937941312789917,-3.937941312789917,-4.1095781326293945,-4.231958389282227,-4.2792863845825195,-4.366636753082275,-4.366636753082275,-4.366636753082275,-4.510924339294434,-4.5743842124938965,-4.5743842124938965,-4.5743842124938965,-4.5743842124938965,-4.574615478515625,-4.574615478515625,-4.574615478515625,-4.574615478515625,-4.574615478515625,-4.574615478515625,
32337,1.371781826019287,1.2147631645202637,0.8914270401000977,-0.2819797992706299,-0.3983173370361328,-1.0527386665344238,-1.121504306793213,-1.1562213897705078,-1.7242622375488281,-1.7288389205932617,-1.7288389205932617,-1.7288389205932617,-1.7288389205932617,-1.7288389205932617,-1.7288389205932617,-1.7288389205932617,-1.7288389205932617,-1.7288389205932617,-1.7288389205932617,
32924,0.15443158149719238,0.1318507194519043,-0.24285674095153809,-0.29578351974487305,-0.29578351974487305,-0.7084341049194336,-1.0167744159698486,-1.0218098163604736,-1.0218098163604736,-1.0218098163604736,-1.0218098163604736,-1.0218098163604736,-1.0218098163604736,-1.0218098163604736,-1.0218098163604736,-1.0218098163604736,-1.0218098163604736,-1.0218098163604736,-1.0218098163604736,
33313,-0.9072282314300537,-0.9072282314300537,-1.232908010482788,-1.3082938194274902,-1.415149211883545,-1.7636646032333374,-2.064563751220703,-2.077528953552246,-2.077528953552246,-2.215587854385376,-2.284090757369995,-2.3081326484680176,-2.3081326484680176,-2.386953353881836,-2.621138572692871,-2.6273655891418457,-2.6273655891418457,-2.6273655891418457,-2.6273655891418457,
33718,-2.575932502746582,-2.575932502746582,-3.050027370452881,-3.050027370452881,-3.050027370452881,-3.3655738830566406,-3.514805316925049,-3.6038014888763428,-3.72615385055542,-3.73514986038208,-3.73514986038208,-3.73514986038208,-3.73514986038208,-3.73514986038208,-3.73514986038208,-3.73514986038208,-3.968689203262329,-3.9959192276000977,-4.001914978027344,
34438,1.3814234733581543,1.0946025848388672,0.8539959192276001,0.8539959192276001,0.8539959192276001,0.5458455085754395,0.19846534729003906,0.186964750289917,0.17446565628051758,0.17446565628051758,0.17446565628051758,0.17446565628051758,0.17446565628051758,0.17446565628051758,0.17446565628051758,0.17446565628051758,0.17446565628051758,0.17446565628051758,0.17446565628051758,
34947,-0.5569865703582764,-0.7383646965026855,-1.168456792831421,-1.168456792831421,-1.2915244102478027,-1.6878453493118286,-1.7109901905059814,-1.7109901905059814,-1.7109901905059814,-1.7109901905059814,-1.7109901905059814,-1.7109901905059814,-1.7109901905059814,-1.7109901905059814,-1.7109901905059814,-1.8176472187042236,-1.838488221168518,-1.838488221168518,-1.838488221168518,
35214,-2.259584903717041,-2.9957563877105713,-2.9957563877105713,-2.9957563877105713,-3.4339075088500977,-4.218900680541992,-4.218900680541992,-4.218900680541992,-4.218900680541992,-4.218900680541992,-4.218900680541992,-4.381143569946289,-4.4049787521362305,-4.407224655151367,-4.407224655151367,-4.407224655151367,-4.407224655151367,-4.407224655151367,-4.407224655151367,
35730,4.158227920532227,4.054710865020752,3.8994336128234863,3.8683366775512695,3.8683366775512695,3.4201879501342773,3.385319232940674,3.1975111961364746,3.145911693572998,3.1457419395446777,3.143446445465088,3.143446445465088,3.143446445465088,3.143446445465088,3.143446445465088,3.143446445465088,3.143446445465088,3.143446445465088,3.143446445465088,
36322,1.2157235145568848,0.14755582809448242,0.14755582809448242,0.14755582809448242,-0.14739108085632324,-0.5818085670471191,-0.6902663707733154,-0.6977832317352295,-0.6977832317352295,-0.6977832317352295,-0.6977832317352295,-0.6977832317352295,-0.6977832317352295,-0.6977832317352295,-0.7840805053710938,-0.7886006832122803,-0.7886006832122803,-0.7886006832122803,-0.7886006832122803,
36650,-3.3963546752929688,-3.3963546752929688,-3.4747390747070312,-3.4747390747070312,-3.7706663608551025,-4.060186386108398,-4.060186386108398,-4.060186386108398,-4.157408714294434,-4.201471328735352,-4.201471328735352,-4.201471328735352,-4.332669734954834,-4.374831199645996,-4.378354072570801,-4.378354072570801,-4.378354072570801,-4.378354072570801,-4.378354072570801,
37116,-3.9697248935699463,-4.078340530395508,-4.268889427185059,-4.366371154785156,-4.366371154785156,-4.539975643157959,-4.835102081298828,-4.839346885681152,-4.839536666870117,-4.839536666870117,-4.839536666870117,-4.839536666870117,-4.839536666870117,-4.839536666870117,-4.839536666870117,-4.839536666870117,-4.839536666870117,-4.839536666870117,-4.839536666870117,
37969,-1.5370328426361084,-2.1360278129577637,-2.4352169036865234,-2.743218421936035,-2.8420982360839844,-3.1340038776397705,-3.2669973373413086,-3.2669973373413086,-3.2669973373413086,-3.5390584468841553,-3.5591964721679688,-3.5591964721679688,-3.5591964721679688,-3.5591964721679688,-3.5591964721679688,-3.5591964721679688,-3.5591964721679688,-3.5591964721679688,-3.5591964721679688,
38378,-1.7543319463729858,-1.7543319463729858,-1.924712896347046,-2.4484872817993164,-2.484827995300293,-3.019619941711426,-3.0360894203186035,-3.0360894203186035,-3.0360894203186035,-3.0360894203186035,-3.0360894203186035,-3.0360894203186035,-3.0360894203186035,-3.0360894203186035,-3.0360894203186035,-3.0360894203186035,-3.0360894203186035,-3.0360894203186035,-3.0360894203186035,
38888,-1.0248148441314697,-1.0248148441314697,-1.0937628746032715,-1.2095749378204346,-1.3433551788330078,-1.4180487394332886,-1.4468607902526855,-1.8096928596496582,-1.8180246353149414,-1.8180246353149414,-1.8180246353149414,-1.8180246353149414,-1.8180246353149414,-1.8180246353149414,-1.8180246353149414,-1.8180246353149414,-1.8180246353149414,-1.8180246353149414,-1.8180246353149414,
39104,-1.8552194833755493,-1.8552194833755493,-2.1118388175964355,-2.1688530445098877,-2.1688530445098877,-2.3006210327148438,-2.417253017425537,-2.4252612590789795,-2.4252612590789795,-2.4252612590789795,-2.4714787006378174,-2.5128424167633057,-2.516112804412842,-2.516112804412842,-2.516112804412842,-2.516112804412842,-2.516112804412842,-2.516112804412842,-2.516112804412842,
39925,1.5229682922363281,1.5106291770935059,1.1175537109375,1.1175537109375,1.1175537109375,0.6156909465789795,0.3933553695678711,0.3880500793457031,0.3880500793457031,0.3880500793457031,0.3880500793457031,0.3880500793457031,0.3880500793457031,0.3880500793457031,0.3880500793457031,0.3880500793457031,0.3880500793457031,0.1771557331085205,0.1388707160949707,
40222,-3.9259591102600098,-4.000374794006348,-4.036694526672363,-4.036694526672363,-4.157295227050781,-4.3608503341674805,-4.37187385559082,-4.37187385559082,-4.44416618347168,-4.682868480682373,-4.706552028656006,-4.706552028656006,-4.706552028656006,-4.706552028656006,-4.706552028656006,-4.706552028656006,-4.706552028656006,-4.706552028656006,-4.706552028656006,
40934,-4.5127081871032715,-4.668403148651123,-4.718485355377197,-4.895068168640137,-4.895068168640137,-4.967443943023682,-5.107439994812012,-5.469305038452148,-5.55654764175415,-5.571550369262695,-5.571550369262695,-5.571550369262695,-5.571550369262695,-5.571550369262695,-5.571550369262695,-5.571550369262695,-5.57192850112915,-5.57192850112915,-5.57192850112915,
41110,1.5122718811035156,0.9756951332092285,0.8839626312255859,0.8683762550354004,0.8070101737976074,0.6641416549682617,0.6638460159301758,0.6615076065063477,0.6615076065063477,0.6615076065063477,0.6615076065063477,0.6615076065063477,0.6615076065063477,0.6615076065063477,0.6615076065063477,0.6615076065063477,0.6615076065063477,0.6615076065063477,0.6615076065063477,
41918,-4.284472942352295,-4.284472942352295,-4.284472942352295,-4.425907611846924,-4.542612075805664,-4.833414077758789,-4.960099220275879,-4.960204601287842,-4.961714744567871,-4.961714744567871,-4.961714744567871,-4.961714744567871,-4.961714744567871,-4.961714744567871,-4.961714744567871,-4.961714744567871,-4.961714744567871,-4.961714744567871,-4.961714744567871,
42257,-3.7496566772460938,-4.253335952758789,-4.374814033508301,-4.558803558349609,-4.558803558349609,-4.726657390594482,-4.964450359344482,-4.967414855957031,-4.967414855957031,-5.131601810455322,-5.1457295417785645,-5.1481099128723145,-5.1481099128723145,-5.1481099128723145,-5.1481099128723145,-5.1481099128723145,-5.1481099128723145,-5.1481099128723145,-5.174067497253418,
42554,-3.842545747756958,-3.901505708694458,-4.3622002601623535,-4.563632965087891,-4.899181842803955,-5.27521276473999,-5.283520698547363,-5.283520698547363,-5.283520698547363,-5.283520698547363,-5.283520698547363,-5.283520698547363,-5.283520698547363,-5.284968852996826,-5.289372444152832,-5.289372444152832,-5.289372444152832,-5.289372444152832,-5.289372444152832,
43147,-1.8090276718139648,-1.8290131092071533,-2.6491856575012207,-2.7471494674682617,-2.930312156677246,-2.999321222305298,-2.999321222305298,-3.167904853820801,-3.167904853820801,-3.3120508193969727,-3.330211877822876,-3.330211877822876,-3.330211877822876,-3.330211877822876,-3.330211877822876,-3.330211877822876,-3.330211877822876,-3.330211877822876,-3.330211877822876,
43947,-2.867680549621582,-2.9146790504455566,-3.111042022705078,-3.4737067222595215,-3.6555824279785156,-3.8677895069122314,-3.8839168548583984,-3.8839168548583984,-3.8839168548583984,-3.8839168548583984,-3.8839168548583984,-3.8839168548583984,-3.8839168548583984,-3.8839168548583984,-3.8839168548583984,-3.8839168548583984,-3.8839168548583984,-3.8839168548583984,-3.8839168548583984,
44042,1.0448002815246582,0.6167006492614746,0.6167006492614746,0.6167006492614746,0.6167006492614746,0.01884746551513672,-0.2693917751312256,-0.2808051109313965,-0.2808051109313965,-0.2808051109313965,-0.2808051109313965,-0.2808051109313965,-0.2808051109313965,-0.2808051109313965,-0.2808051109313965,-0.2808051109313965,-0.2808051109313965,-0.2808051109313965,-0.2808051109313965,
44755,-0.5062103271484375,-0.9209593534469604,-0.9209593534469604,-0.9576925039291382,-1.0330255031585693,-1.4104461669921875,-1.4168658256530762,-1.7789849042892456,-1.8146381378173828,-1.8158409595489502,-1.8158409595489502,-1.8158409595489502,-1.8158409595489502,-1.8158409595489502,-1.8158409595489502,-1.8158409595489502,-1.8158409595489502,-1.8158409595489502,-1.8158409595489502,
45394,-3.1618685722351074,-3.1618685722351074,-3.18864107131958,-3.221982955932617,-3.307863235473633,-3.6795504093170166,-3.6932899951934814,-3.6932899951934814,-3.6932899951934814,-3.6932899951934814,-3.6932899951934814,-3.6932899951934814,-3.6932899951934814,-3.694899082183838,-3.694899082183838,-3.694899082183838,-3.694899082183838,-3.694899082183838,-3.694899082183838,
45542,-2.4500157833099365,-2.4500157833099365,-2.4500157833099365,-2.615062713623047,-2.7661964893341064,-2.9075539112091064,-2.9075539112091064,-3.2291696071624756,-3.2506814002990723,-3.251972198486328,-3.251972198486328,-3.2526912689208984,-3.2526912689208984,-3.2526912689208984,-3.2526912689208984,-3.2526912689208984,-3.2526912689208984,-3.2526912689208984,-3.2526912689208984,
46054,-4.632418632507324,-4.9875030517578125,-4.9875030517578125,-5.301053047180176,-5.551508903503418,-6.009153366088867,-6.055126190185547,-6.060626983642578,-6.060626983642578,-6.060626983642578,-6.060626983642578,-6.060626983642578,-6.060626983642578,-6.060626983642578,-6.085623264312744,-6.109943866729736,-6.112419128417969,-6.112419128417969,-6.112419128417969,
46894,0.4857902526855469,0.4057743549346924,0.19314813613891602,0.19314813613891602,0.16697454452514648,0.015221595764160156,-0.02801656723022461,-0.02925848960876465,-0.02925848960876465,-0.06729960441589355,-0.07350921630859375,-0.07350921630859375,-0.07350921630859375,-0.07350921630859375,-0.07350921630859375,-0.07350921630859375,-0.07350921630859375,-0.07350921630859375,-0.1656637191772461,
47233,0.819643497467041,0.819643497467041,0.7237391471862793,0.6816854476928711,0.634803056716919,0.4985315799713135,0.496107816696167,0.496107816696167,0.496107816696167,0.496107816696167,0.496107816696167,0.2905879020690918,0.2880229949951172,0.2880229949951172,0.2880229949951172,0.2880229949951172,0.2880229949951172,0.2880229949951172,0.2880229949951172,
47893,0.8317344188690186,0.20326566696166992,0.20326566696166992,0.20326566696166992,0.20326566696166992,-0.5592772960662842,-0.6398756504058838,-0.640516996383667,-0.640516996383667,-0.640516996383667,-0.640516996383667,-0.640516996383667,-0.640516996383667,-0.640516996383667,-0.640516996383667,-0.640516996383667,-0.640516996383667,-0.640516996383667,-0.640516996383667,
48029,-1.857024073600769,-2.091470956802368,-2.2087197303771973,-2.2087197303771973,-2.2172675132751465,-2.2526168823242188,-2.2546818256378174,-2.2546818256378174,-2.2546818256378174,-2.2546818256378174,-2.2546818256378174,-2.2546818256378174,-2.2546818256378174,-2.2546818256378174,-2.417703151702881,-2.4213197231292725,-2.4213197231292725,-2.4213197231292725,-2.4213197231292725,
48700,1.6393623352050781,1.6393623352050781,1.624251365661621,1.624251365661621,1.187410831451416,0.8721237182617188,0.8017053604125977,0.7964434623718262,0.7964434623718262,0.6808254718780518,0.6444740295410156,0.6438250541687012,0.6438250541687012,0.6438250541687012,0.6438250541687012,0.6438250541687012,0.6438250541687012,0.6438250541687012,0.6438250541687012,
49015,-0.4962003231048584,-1.1987334489822388,-1.28831148147583,-1.5434482097625732,-1.5434482097625732,-1.564319133758545,-1.5655027627944946,-1.6798291206359863,-1.686649203300476,-1.7868213653564453,-1.9378185272216797,-2.0121889114379883,-2.0169284343719482,-2.0169284343719482,-2.0169284343719482,-2.0169284343719482,-2.0169284343719482,-2.0169284343719482,-2.0169284343719482,
