343,-1.016925573348999,-1.1247361898422241,-1.1374338865280151,-1.3040636777877808,-1.4137427806854248,-1.6591675281524658,-1.9144536256790161,-1.9166162014007568,-1.9166162014007568,-1.9166162014007568,-2.197258710861206,-2.2365188598632812,-2.2365188598632812,-2.2365188598632812,-2.2365188598632812,-2.2365188598632812,-2.2365188598632812,-2.2365188598632812,-2.2365188598632812,
619,0.3263370990753174,0.19914031028747559,0.17180180549621582,0.10209989547729492,-0.005189657211303711,-0.028573989868164062,-0.17264056205749512,-0.17726778984069824,-0.310711145401001,-0.3239095211029053,-0.3239095211029053,-0.3239095211029053,-0.3239095211029053,-0.40708374977111816,-0.42102694511413574,-0.42102694511413574,-0.42102694511413574,-0.42102694511413574,-0.42102694511413574,
1307,-2.424987316131592,-2.561784267425537,-2.6514840126037598,-2.664076089859009,-2.7189695835113525,-2.861309289932251,-2.8768060207366943,-2.8768060207366943,-2.8768060207366943,-2.8768060207366943,-2.940093994140625,-2.9556918144226074,-2.956108570098877,-2.956108570098877,-2.956108570098877,-2.956108570098877,-2.956108570098877,-2.956108570098877,-3.069415330886841,
1690,-2.06534481048584,-2.2099556922912598,-2.867295026779175,-2.999699592590332,-3.0467751026153564,-3.144439220428467,-3.511608123779297,-3.6273045539855957,-3.6273045539855957,-3.6273045539855957,-3.6273045539855957,-3.6273045539855957,-3.6273045539855957,-3.6273045539855957,-3.6273045539855957,-3.6273045539855957,-3.6273045539855957,-3.6273045539855957,-3.6273045539855957,
2033,-3.280398368835449,-3.4848647117614746,-4.002481937408447,-4.002481937408447,-4.0991129875183105,-4.2495903968811035,-4.253135681152344,-4.253135681152344,-4.253135681152344,-4.253135681152344,-4.253135681152344,-4.253135681152344,-4.253135681152344,-4.253135681152344,-4.253135681152344,-4.253135681152344,-4.253135681152344,-4.253135681152344,-4.253135681152344,
2943,-3.7373411655426025,-3.7373411655426025,-3.872915744781494,-3.9118142127990723,-3.994276762008667,-4.20883846282959,-4.216233253479004,-4.290252685546875,-4.480185508728027,-4.487226486206055,-4.487226486206055,-4.487226486206055,-4.487226486206055,-4.487226486206055,-4.487226486206055,-4.487226486206055,-4.487226486206055,-4.487226486206055,-4.487226486206055,
3500,1.4541637897491455,1.2170512676239014,1.1898605823516846,0.9927775859832764,0.8455054759979248,0.7911145687103271,0.7902343273162842,0.7902343273162842,0.7902343273162842,0.7902343273162842,0.7902343273162842,0.7902343273162842,0.7902343273162842,0.7902343273162842,0.7902343273162842,0.7902343273162842,0.7902343273162842,0.7902343273162842,0.7902343273162842,
3867,-2.0976181030273438,-2.0976181030273438,-2.215406894683838,-2.227673053741455,-2.2674267292022705,-2.476794958114624,-2.547739267349243,-2.548093795776367,-2.549375057220459,-2.549375057220459,-2.549375057220459,-2.549375057220459,-2.549375057220459,-2.549375057220459,-2.549375057220459,-2.549375057220459,-2.549375057220459,-2.549375057220459,-2.549375057220459,
4126,-1.0861730575561523,-1.1883094310760498,-1.2389845848083496,-1.2998912334442139,-1.3295254707336426,-1.731180191040039,-1.7967323064804077,-1.7977322340011597,-1.7977322340011597,-1.7977322340011597,-1.7977322340011597,-1.7977322340011597,-1.7977322340011597,-1.7977322340011597,-1.7977322340011597,-1.7977322340011597,-1.7977322340011597,-1.7977322340011597,-1.7977322340011597,
4992,-4.780608177185059,-5.097728729248047,-5.149259090423584,-5.252241134643555,-5.275157928466797,-5.332382678985596,-5.332382678985596,-5.332382678985596,-5.332382678985596,-5.332382678985596,-5.332382678985596,-5.332382678985596,-5.336601257324219,-5.344458103179932,-5.344458103179932,-5.344458103179932,-5.344458103179932,-5.344458103179932,-5.344458103179932,
5162,-5.098955154418945,-5.541350364685059,-5.614496231079102,-5.718512535095215,-5.879690647125244,-6.341248989105225,-6.365227222442627,-6.3654375076293945,-6.3654375076293945,-6.3654375076293945,-6.3654375076293945,-6.3654375076293945,-6.367430686950684,-6.367430686950684,-6.367430686950684,-6.367430686950684,-6.367430686950684,-6.367430686950684,-6.367430686950684,
5869,0.736635684967041,0.624305248260498,0.624305248260498,0.6144146919250488,0.5282418727874756,0.4094552993774414,0.39459729194641113,-0.04930830001831055,-0.09717535972595215,-0.09717535972595215,-0.09717535972595215,-0.09717535972595215,-0.09717535972595215,-0.09717535972595215,-0.09717535972595215,-0.09717535972595215,-0.09717535972595215,-0.09717535972595215,-0.09717535972595215,
6200,-2.732617139816284,-2.732617139816284,-2.7804934978485107,-2.7804934978485107,-2.8970236778259277,-3.2651119232177734,-3.546358108520508,-3.553496837615967,-3.553496837615967,-3.553496837615967,-3.553496837615967,-3.553496837615967,-3.615922451019287,-3.6202900409698486,-3.6202900409698486,-3.6202900409698486,-3.6202900409698486,-3.6202900409698486,-3.6202900409698486,
6827,2.762718915939331,2.3042094707489014,2.3042094707489014,2.1370999813079834,2.0297858715057373,1.2007715702056885,1.0224144458770752,1.0173585414886475,1.0173585414886475,1.0173585414886475,1.0173585414886475,1.0173585414886475,1.0173585414886475,1.0173585414886475,1.0173585414886475,1.0173585414886475,1.0173585414886475,1.0173585414886475,1.0173585414886475,
7210,3.197417736053467,2.849475383758545,2.849475383758545,2.782632827758789,2.6718549728393555,2.3702406883239746,2.2488856315612793,2.2472333908081055,2.2472333908081055,2.2472333908081055,2.037848472595215,2.022465705871582,2.0213871002197266,2.0213871002197266,2.0213871002197266,2.0213871002197266,2.0213871002197266,2.0213871002197266,2.0213871002197266,
7592,-3.340179920196533,-3.428025484085083,-3.48087477684021,-3.5160701274871826,-3.5167102813720703,-3.6483304500579834,-3.7096338272094727,-3.892486572265625,-3.8934638500213623,-3.8934638500213623,-3.8934638500213623,-3.8934638500213623,-3.8934638500213623,-3.9224183559417725,-3.9339606761932373,-3.9339606761932373,-3.9339606761932373,-3.9339606761932373,-3.9339606761932373,
8300,-0.26871490478515625,-0.3791060447692871,-0.3872716426849365,-0.45090723037719727,-0.7787282466888428,-0.9516434669494629,-1.0427298545837402,-1.058868408203125,-1.1310443878173828,-1.1364049911499023,-1.1364049911499023,-1.1364049911499023,-1.1364049911499023,-1.1364049911499023,-1.1364049911499023,-1.1364049911499023,-1.1364049911499023,-1.216611623764038,-1.216611623764038,
8510,-1.0940485000610352,-1.1299161911010742,-1.1299161911010742,-1.2809808254241943,-1.617340087890625,-1.8528283834457397,-1.8570270538330078,-1.8570270538330078,-1.8570270538330078,-1.8570270538330078,-1.8570270538330078,-1.8570270538330078,-1.8570270538330078,-1.8570270538330078,-1.8570270538330078,-1.8570270538330078,-1.8570270538330078,-1.8570270538330078,-1.8570270538330078,
9336,0.40092992782592773,0.3860011100769043,0.35706377029418945,0.3295891284942627,0.1849367618560791,0.14038801193237305,0.13569140434265137,0.13569140434265137,0.13569140434265137,0.13569140434265137,0.13569140434265137,0.13569140434265137,0.13569140434265137,0.13569140434265137,0.13569140434265137,0.13569140434265137,-0.029795169830322266,-0.03452873229980469,-0.03452873229980469,
9753,-0.22339081764221191,-0.22339081764221191,-0.2517402172088623,-0.27303147315979004,-0.468369722366333,-0.5247297286987305,-0.5247583389282227,-0.5269627571105957,-0.5269627571105957,-0.5269627571105957,-0.5269627571105957,-0.5269627571105957,-0.6105329990386963,-0.6139466762542725,-0.6168506145477295,-0.6168506145477295,-0.6168506145477295,-0.6168506145477295,-0.6168506145477295,
10390,-0.6767709255218506,-1.1195769309997559,-1.1195769309997559,-1.2505347728729248,-1.4905002117156982,-1.743492603302002,-1.9178931713104248,-1.9260306358337402,-1.9260306358337402,-1.9260306358337402,-1.9260306358337402,-1.9260306358337402,-1.9260306358337402,-1.9260306358337402,-1.9260306358337402,-1.9260306358337402,-1.9260306358337402,-1.9260306358337402,-1.9260306358337402,
10760,-2.286332607269287,-3.0348293781280518,-3.610532760620117,-3.642695188522339,-3.7199881076812744,-3.7846322059631348,-3.7882180213928223,-3.9285781383514404,-3.9451823234558105,-3.9451823234558105,-3.9451823234558105,-3.9451823234558105,-3.9451823234558105,-3.9451823234558105,-3.9451823234558105,-3.9611549377441406,-3.9611549377441406,-3.9611549377441406,-3.9611549377441406,
11202,-1.6628329753875732,-1.8818092346191406,-1.9199166297912598,-2.1175405979156494,-2.2535133361816406,-2.4055168628692627,-2.4121460914611816,-2.5164196491241455,-2.5199708938598633,-2.5199708938598633,-2.5199708938598633,-2.5199708938598633,-2.5199708938598633,-2.5975680351257324,-2.611971378326416,-2.611971378326416,-2.611971378326416,-2.611971378326416,-2.611971378326416,
11954,-2.504106044769287,-2.5077054500579834,-2.5077054500579834,-2.57452654838562,-2.7262332439422607,-2.905956268310547,-2.9133830070495605,-2.9133830070495605,-2.9133830070495605,-2.9133830070495605,-2.9133830070495605,-2.9133830070495605,-2.9133830070495605,-2.9133830070495605,-2.9133830070495605,-2.9133830070495605,-3.0449559688568115,-3.071040153503418,-3.071040153503418,
12500,-5.46457576751709,-5.612653732299805,-5.7915873527526855,-5.797606468200684,-6.0477824211120605,-6.088589191436768,-6.088589191436768,-6.088589191436768,-6.088589191436768,-6.088589191436768,-6.088589191436768,-6.088589191436768,-6.088589191436768,-6.088589191436768,-6.2406110763549805,-6.461670875549316,-6.477822303771973,-6.477822303771973,-6.477822303771973,
12713,-1.3197522163391113,-1.3298931121826172,-1.6081624031066895,-1.8131422996520996,-1.9173331260681152,-2.029193639755249,-2.217780590057373,-2.2618861198425293,-2.2618861198425293,-2.2618861198425293,-2.2618861198425293,-2.2618861198425293,-2.2618861198425293,-2.2618861198425293,-2.2618861198425293,-2.2618861198425293,-2.2618861198425293,-2.2618861198425293,-2.2618861198425293,
13135,1.8371648788452148,1.7029013633728027,1.2526812553405762,1.0504183769226074,0.9739303588867188,0.7753839492797852,0.7708063125610352,0.7708063125610352,0.7708063125610352,0.7708063125610352,0.7708063125610352,0.7708063125610352,0.7708063125610352,0.7708063125610352,0.7708063125610352,0.7708063125610352,0.7708063125610352,0.7708063125610352,0.7708063125610352,
13829,-0.3549480438232422,-0.3549480438232422,-0.45871448516845703,-0.5763261318206787,-0.6183409690856934,-0.831505537033081,-0.8353638648986816,-0.9633913040161133,-0.9994208812713623,-1.0007140636444092,-1.0007140636444092,-1.0007140636444092,-1.0007140636444092,-1.0007140636444092,-1.0007140636444092,-1.0007140636444092,-1.0007140636444092,-1.0007140636444092,-1.0007140636444092,
14176,1.1127822399139404,0.9218924045562744,0.7973041534423828,0.764183759689331,0.7530627250671387,0.5958352088928223,0.5914642810821533,0.5914642810821533,0.5914642810821533,0.5914642810821533,0.5914642810821533,0.5914642810821533,0.5914642810821533,0.5914642810821533,0.5914642810821533,0.5914642810821533,0.5660154819488525,0.5344252586364746,0.5331311225891113,
14879,-3.8738880157470703,-4.7804059982299805,-5.1626152992248535,-5.175933837890625,-5.324380874633789,-5.543910980224609,-5.675750255584717,-5.886927604675293,-6.2551679611206055,-6.26029109954834,-6.26029109954834,-6.26029109954834,-6.26029109954834,-6.26029109954834,-6.26029109954834,-6.26029109954834,-6.26029109954834,-6.26029109954834,-6.26029109954834,
15149,1.3876829147338867,1.0026321411132812,1.0026321411132812,0.6790475845336914,0.5717229843139648,0.3377065658569336,0.24450206756591797,0.20554232597351074,0.2051706314086914,0.2051706314086914,0.2051706314086914,0.2051706314086914,0.2051706314086914,0.2051706314086914,0.2051706314086914,0.2051706314086914,0.2051706314086914,0.2051706314086914,0.2051706314086914,
15620,-3.382094144821167,-3.4557039737701416,-3.4955668449401855,-3.553875684738159,-3.55879545211792,-3.573899745941162,-3.573899745941162,-3.573899745941162,-3.5740456581115723,-3.5740456581115723,-3.5740456581115723,-3.5740456581115723,-3.5740456581115723,-3.5740456581115723,-3.5740456581115723,-3.5740456581115723,-3.5740456581115723,-3.5740456581115723,-3.5740456581115723,
16098,-0.5391273498535156,-0.7844479084014893,-0.901167631149292,-1.0728745460510254,-1.1045048236846924,-1.532245397567749,-2.095782995223999,-2.11407470703125,-2.1187267303466797,-2.1187267303466797,-2.1187267303466797,-2.1187267303466797,-2.1187267303466797,-2.1187267303466797,-2.1187267303466797,-2.1187267303466797,-2.1187267303466797,-2.1187267303466797,-2.1187267303466797,
16994,-2.165181875228882,-2.355379581451416,-3.257746934890747,-3.6103262901306152,-4.0749006271362305,-4.391417503356934,-4.4005045890808105,-4.400947093963623,-4.400947093963623,-4.400947093963623,-4.400947093963623,-4.400947093963623,-4.400947093963623,-4.400947093963623,-4.400947093963623,-4.400947093963623,-4.400947093963623,-4.400947093963623,-4.400947093963623,
17485,-2.084300994873047,-2.2447128295898438,-2.2765111923217773,-2.375349760055542,-2.375349760055542,-2.392245054244995,-2.392448663711548,-2.392448663711548,-2.392448663711548,-2.392448663711548,-2.486349105834961,-2.4954867362976074,-2.4954867362976074,-2.4954867362976074,-2.4954867362976074,-2.4954867362976074,-2.4954867362976074,-2.4954867362976074,-2.4954867362976074,
17950,-1.6502012014389038,-1.6593284606933594,-1.9695773124694824,-2.085610866546631,-2.104006290435791,-2.182321548461914,-2.1827802658081055,-2.1827802658081055,-2.1827802658081055,-2.1827802658081055,-2.1827802658081055,-2.1827802658081055,-2.1827802658081055,-2.1827802658081055,-2.1827802658081055,-2.1827802658081055,-2.1827802658081055,-2.1827802658081055,-2.1827802658081055,
18020,-3.374143362045288,-3.374143362045288,-3.5196309089660645,-3.641993761062622,-3.6424736976623535,-3.6622676849365234,-3.6622676849365234,-3.6622676849365234,-3.6622676849365234,-3.6622676849365234,-3.6622676849365234,-3.6622676849365234,-3.6622676849365234,-3.6622676849365234,-3.6622676849365234,-3.6622676849365234,-3.6622676849365234,-3.6622676849365234,-3.6622676849365234,
18505,-2.6194281578063965,-2.6194281578063965,-2.6885299682617188,-2.7434592247009277,-2.7434592247009277,-2.850409746170044,-2.850409746170044,-2.850409746170044,-2.850409746170044,-2.966353178024292,-2.983844757080078,-2.9843873977661133,-2.9843873977661133,-2.9843873977661133,-2.9843873977661133,-2.9843873977661133,-2.9843873977661133,-2.9843873977661133,-2.9843873977661133,
19317,-4.401934623718262,-4.401934623718262,-4.588067054748535,-4.588067054748535,-4.778834342956543,-4.888559818267822,-4.891479969024658,-4.891479969024658,-4.891479969024658,-4.891479969024658,-4.891479969024658,-4.891479969024658,-4.891479969024658,-4.891479969024658,-4.891479969024658,-4.891479969024658,-4.891479969024658,-5.04521369934082,-5.0537848472595215,
19536,-4.791635990142822,-5.414102554321289,-5.930418014526367,-5.931846618652344,-5.9486083984375,-6.017433166503906,-6.125387191772461,-6.158558368682861,-6.160827159881592,-6.160827159881592,-6.160827159881592,-6.160827159881592,-6.160827159881592,-6.160827159881592,-6.160827159881592,-6.160827159881592,-6.1832685470581055,-6.246055603027344,-6.246055603027344,
20065,0.678398609161377,0.31679773330688477,0.29981327056884766,0.29981327056884766,-0.3103342056274414,-0.5481934547424316,-0.9191584587097168,-1.159848690032959,-1.1722431182861328,-1.1722431182861328,-1.1722431182861328,-1.1722431182861328,-1.1722431182861328,-1.1722431182861328,-1.1722431182861328,-1.1722431182861328,-1.1722431182861328,-1.1722431182861328,-1.1722431182861328,
20832,-0.9466361999511719,-1.1045746803283691,-1.5669965744018555,-1.5870919227600098,-1.6387407779693604,-1.9828451871871948,-2.03408145904541,-2.03408145904541,-2.03408145904541,-2.435947895050049,-2.446899175643921,-2.446899175643921,-2.446899175643921,-2.446899175643921,-2.446899175643921,-2.446899175643921,-2.446899175643921,-2.446899175643921,-2.446899175643921,
21246,-3.9138686656951904,-3.9356260299682617,-4.51107120513916,-4.665766716003418,-4.8191070556640625,-4.953431129455566,-4.953431129455566,-4.953431129455566,-4.953431129455566,-4.953431129455566,-4.953431129455566,-4.954538345336914,-4.954538345336914,-4.954538345336914,-4.954538345336914,-4.954538345336914,-4.954538345336914,-4.954538345336914,-4.954538345336914,
21925,-2.017690658569336,-2.017690658569336,-2.4343502521514893,-2.4343502521514893,-2.517449140548706,-2.548806667327881,-3.181988000869751,-3.3892018795013428,-3.395019769668579,-3.395019769668579,-3.395019769668579,-3.395019769668579,-3.395019769668579,-3.395019769668579,-3.395019769668579,-3.395019769668579,-3.395019769668579,-3.395019769668579,-3.395019769668579,
22487,-3.230552911758423,-3.602544069290161,-4.0664472579956055,-4.097840309143066,-4.282666206359863,-4.761011600494385,-4.766973495483398,-4.766973495483398,-4.766973495483398,-4.766973495483398,-4.766973495483398,-4.766973495483398,-4.766973495483398,-4.766973495483398,-4.766973495483398,-4.942341327667236,-4.9717254638671875,-4.9717254638671875,-5.164608955383301,
22748,1.3370747566223145,1.332132339477539,0.614837646484375,0.526402473449707,0.4438810348510742,0.21527385711669922,0.1962890625,0.1962890625,0.1962890625,0.1962890625,0.08939385414123535,-0.5203921794891357,-0.540097713470459,-0.5409021377563477,-0.5409021377563477,-0.5409021377563477,-0.5409021377563477,-0.5409021377563477,-0.5409021377563477,
23489,-2.493790626525879,-2.931896686553955,-2.9319801330566406,-2.972242593765259,-3.0172324180603027,-3.279949188232422,-3.304619789123535,-3.305237054824829,-3.732438802719116,-3.772246837615967,-3.8946847915649414,-3.9132800102233887,-3.9132800102233887,-3.9132800102233887,-3.9132800102233887,-3.9132800102233887,-3.9132800102233887,-3.9132800102233887,-3.9132800102233887,
23572,-6.574590682983398,-6.644233703613281,-6.719764232635498,-6.89088249206543,-7.031247138977051,-7.09964656829834,-7.147442817687988,-7.1710662841796875,-7.1729736328125,-7.1729736328125,-7.3973469734191895,-7.413239479064941,-7.413239479064941,-7.413239479064941,-7.413239479064941,-7.413239479064941,-7.413239479064941,-7.414098262786865,-7.414098262786865,
24374,-1.34433913230896,-2.004979372024536,-2.0369503498077393,-2.1581363677978516,-2.3188869953155518,-2.4579291343688965,-2.4777607917785645,-2.4777607917785645,-2.4777607917785645,-2.4777607917785645,-2.4777607917785645,-2.4781253337860107,-2.4781253337860107,-2.4781253337860107,-2.5942327976226807,-2.6050026416778564,-2.6050026416778564,-2.6050026416778564,-2.6050026416778564,
24724,-2.0875959396362305,-2.137185573577881,-2.197266101837158,-2.309363842010498,-2.42533016204834,-2.775029182434082,-2.7859606742858887,-2.7859606742858887,-2.7859606742858887,-2.7859606742858887,-3.0911848545074463,-3.1296844482421875,-3.1342740058898926,-3.1342740058898926,-3.1342740058898926,-3.1342740058898926,-3.1342740058898926,-3.1342740058898926,-3.1342740058898926,
25083,-2.6338281631469727,-2.69061279296875,-2.9241816997528076,-3.606832504272461,-3.606832504272461,-3.6656103134155273,-3.6656103134155273,-3.6656103134155273,-3.6656103134155273,-3.6656103134155273,-3.6656103134155273,-3.6656103134155273,-3.6656103134155273,-3.6656103134155273,-3.6656103134155273,-3.6656103134155273,-3.6656103134155273,-3.6656103134155273,-3.6656103134155273,
25508,-2.5377213954925537,-2.808156967163086,-2.808156967163086,-3.0324342250823975,-3.0982396602630615,-3.181361675262451,-3.188762903213501,-3.6549429893493652,-3.8220980167388916,-3.839959144592285,-3.839959144592285,-3.839959144592285,-3.839959144592285,-3.839959144592285,-3.839959144592285,-3.839959144592285,-3.839959144592285,-3.839959144592285,-3.839959144592285,
26094,-2.8150110244750977,-3.115290641784668,-3.5184576511383057,-3.5184576511383057,-3.6498982906341553,-4.049825668334961,-4.049825668334961,-4.049825668334961,-4.049825668334961,-4.049825668334961,-4.221197605133057,-4.2358078956604,-4.2358078956604,-4.2358078956604,-4.2358078956604,-4.2358078956604,-4.2358078956604,-4.2358078956604,-4.2358078956604,
26594,-5.361326217651367,-6.280732154846191,-6.896956443786621,-6.896956443786621,-6.961743354797363,-7.033855438232422,-7.035985946655273,-7.035985946655273,-7.218942642211914,-7.224196434020996,-7.224196434020996,-7.227153778076172,-7.227153778076172,-7.227153778076172,-7.227153778076172,-7.227153778076172,-7.227153778076172,-7.227153778076172,-7.227153778076172,
27274,-5.25129508972168,-5.277813911437988,-5.65730094909668,-5.713380813598633,-5.782826900482178,-6.078621864318848,-6.107600212097168,-6.107600212097168,-6.107600212097168,-6.107600212097168,-6.107600212097168,-6.3672075271606445,-6.570600509643555,-6.574329853057861,-6.574329853057861,-6.574329853057861,-6.574329853057861,-6.574329853057861,-6.574329853057861,
27751,-5.160731792449951,-5.350113391876221,-5.439854145050049,-5.689085960388184,-5.720672607421875,-5.8346028327941895,-5.893139362335205,-5.944273471832275,-5.94547176361084,-5.94547176361084,-5.94547176361084,-5.94547176361084,-5.968733787536621,-6.077682018280029,-6.077682018280029,-6.077682018280029,-6.077682018280029,-6.077682018280029,-6.077682018280029,
28308,3.1221835613250732,2.7294719219207764,2.6312568187713623,2.4814059734344482,2.2785909175872803,1.9026515483856201,1.8898437023162842,1.8898437023162842,1.8898437023162842,1.8898437023162842,1.8898437023162842,1.4185302257537842,1.3826797008514404,1.3826797008514404,1.3826797008514404,1.3826797008514404,1.3826797008514404,1.3826797008514404,1.3826797008514404,
28945,-3.6145427227020264,-3.6335806846618652,-3.645657539367676,-3.7063181400299072,-3.7986536026000977,-4.029608726501465,-4.06121301651001,-4.06121301651001,-4.06121301651001,-4.090425491333008,-4.17112398147583,-4.173491954803467,-4.173491954803467,-4.173491954803467,-4.173491954803467,-4.173491954803467,-4.173491954803467,-4.173491954803467,-4.173491954803467,
29272,-5.6239013671875,-5.773660659790039,-6.062474250793457,-6.161920547485352,-6.298449516296387,-6.542164325714111,-6.623517990112305,-6.759475231170654,-6.800458908081055,-6.800458908081055,-6.800458908081055,-6.800458908081055,-6.800458908081055,-6.800458908081055,-6.800458908081055,-6.800458908081055,-6.800458908081055,-6.800458908081055,-6.800458908081055,
29995,2.6339762210845947,2.251152276992798,2.1848461627960205,2.160496950149536,2.051917314529419,1.9766333103179932,1.8763682842254639,1.865525484085083,1.865525484085083,1.865525484085083,1.865525484085083,1.865525484085083,1.865525484085083,1.865525484085083,1.865525484085083,1.865525484085083,1.865525484085083,1.865525484085083,1.865525484085083,
30252,-1.7779101133346558,-2.1025235652923584,-2.2956979274749756,-2.3116567134857178,-2.442169666290283,-2.665391445159912,-2.676699161529541,-2.676699161529541,-2.676699161529541,-2.676699161529541,-2.676699161529541,-2.676699161529541,-2.676699161529541,-2.676699161529541,-2.676699161529541,-2.677750587463379,-2.677750587463379,-2.677750587463379,-2.677750587463379,
30895,-2.133207321166992,-2.270176649093628,-2.333588123321533,-2.4146227836608887,-2.476715326309204,-2.7975802421569824,-2.906674861907959,-2.969332456588745,-3.0599935054779053,-3.0599935054779053,-3.0599935054779053,-3.0599935054779053,-3.0599935054779053,-3.0599935054779053,-3.0599935054779053,-3.0599935054779053,-3.0599935054779053,-3.0599935054779053,-3.0599935054779053,
31211,-2.161649703979492,-2.6249570846557617,-2.6673882007598877,-2.692492961883545,-2.7207484245300293,-2.7964210510253906,-2.8935112953186035,-2.897951602935791,-2.897951602935791,-2.897951602935791,-2.897951602935791,-2.897951602935791,-2.897951602935791,-2.897951602935791,-3.112478017807007,-3.1509058475494385,-3.1575851440429688,-3.1575851440429688,-3.1575851440429688,
31555,-3.937114953994751,-3.937114953994751,-4.109882354736328,-4.204129695892334,-4.221254348754883,-4.355411529541016,-4.357574462890625,-4.357574462890625,-4.558772087097168,-4.5743842124938965,-4.5743842124938965,-4.5743842124938965,-4.5743842124938965,-4.5743842124938965,-4.574695587158203,-4.574699878692627,-4.574699878692627,-4.574699878692627,-4.574699878692627,
32337,1.3729634284973145,-0.28365516662597656,-0.39263081550598145,-0.395766019821167,-0.9195237159729004,-1.4432168006896973,-1.4551770687103271,-1.4551770687103271,-1.4551770687103271,-1.4551770687103271,-1.4551770687103271,-1.4551770687103271,-1.4551770687103271,-1.4551770687103271,-1.4551770687103271,-1.690354585647583,-1.7249826192855835,-1.7249826192855835,-1.7249826192855835,
32924,0.15443158149719238,0.1318507194519043,0.039595842361450195,-0.24184775352478027,-0.40326452255249023,-0.9599173069000244,-1.0223619937896729,-1.023559331893921,-1.023559331893921,-1.023559331893921,-1.023559331893921,-1.023559331893921,-1.023559331893921,-1.023559331893921,-1.023559331893921,-1.023559331893921,-1.023559331893921,-1.023559331893921,-1.023559331893921,
33313,-0.9071226119995117,-1.1994562149047852,-1.7109498977661133,-1.7109498977661133,-1.7505719661712646,-1.8964672088623047,-2.07682728767395,-2.08532977104187,-2.08532977104187,-2.1293256282806396,-2.5669467449188232,-2.625211715698242,-2.625211715698242,-2.625211715698242,-2.625211715698242,-2.625211715698242,-2.625211715698242,-2.625211715698242,-2.625211715698242,
33718,-2.575810432434082,-2.575810432434082,-3.0516774654388428,-3.3568053245544434,-3.54217529296875,-3.7256622314453125,-3.7338314056396484,-3.7338314056396484,-3.7338314056396484,-3.7338314056396484,-3.7338314056396484,-3.7338314056396484,-3.7338314056396484,-3.7338314056396484,-3.7338314056396484,-3.7338314056396484,-3.7338314056396484,-3.9622082710266113,-3.998361110687256,
34438,1.3814754486083984,1.0400471687316895,0.9711995124816895,0.9711995124816895,0.8917522430419922,0.2408301830291748,0.18707966804504395,0.18707966804504395,0.1800222396850586,0.17400598526000977,0.17400598526000977,0.17400598526000977,0.17400598526000977,0.17400598526000977,0.17400598526000977,0.17400598526000977,0.17400598526000977,0.17400598526000977,0.17400598526000977,
34947,-0.556654691696167,-0.7383646965026855,-1.2643910646438599,-1.3215922117233276,-1.5294023752212524,-1.7900168895721436,-1.7944244146347046,-1.7944244146347046,-1.7944244146347046,-1.7944244146347046,-1.7944244146347046,-1.7944244146347046,-1.7944244146347046,-1.7944244146347046,-1.7944244146347046,-1.7944244146347046,-1.7944244146347046,-1.7944244146347046,-1.7944244146347046,
35214,-2.0332188606262207,-3.004136323928833,-3.4306697845458984,-3.617640972137451,-4.222869873046875,-4.396028995513916,-4.400157928466797,-4.400157928466797,-4.400157928466797,-4.400157928466797,-4.400157928466797,-4.400157928466797,-4.400157928466797,-4.400157928466797,-4.400157928466797,-4.400157928466797,-4.400157928466797,-4.400157928466797,-4.400157928466797,
35730,4.157495975494385,4.054710865020752,3.8661680221557617,3.8403310775756836,3.803171157836914,3.392444133758545,3.3865890502929688,3.2077083587646484,3.1514902114868164,3.14365291595459,3.14365291595459,3.14365291595459,3.14365291595459,3.14365291595459,3.14365291595459,3.14365291595459,3.14365291595459,3.14365291595459,3.14365291595459,
36322,1.2156453132629395,0.16276121139526367,0.12070417404174805,-0.4109172821044922,-0.4109172821044922,-0.6850779056549072,-0.6979424953460693,-0.6979424953460693,-0.6979424953460693,-0.6979424953460693,-0.6979424953460693,-0.6979424953460693,-0.7151439189910889,-0.8285646438598633,-0.8324832916259766,-0.8324832916259766,-0.8324832916259766,-0.8324832916259766,-0.8324832916259766,
36650,-3.3963546752929688,-3.4747390747070312,-3.7799811363220215,-3.8536410331726074,-3.9075911045074463,-4.121254920959473,-4.128268718719482,-4.128268718719482,-4.128268718719482,-4.128268718719482,-4.1284637451171875,-4.130945205688477,-4.250199794769287,-4.250199794769287,-4.282927989959717,-4.372910022735596,-4.372910022735596,-4.372910022735596,-4.372910022735596,
37116,-3.408780336380005,-3.667401075363159,-3.9648795127868652,-4.078340530395508,-4.269266128540039,-4.714034557342529,-4.743237018585205,-4.746679782867432,-4.746679782867432,-4.746679782867432,-4.746679782867432,-4.746679782867432,-4.84177827835083,-4.882749557495117,-4.882749557495117,-4.882749557495117,-4.882749557495117,-4.882749557495117,-4.882749557495117,
37969,-1.5370328426361084,-2.1348774433135986,-2.1348774433135986,-2.7367403507232666,-2.8431267738342285,-3.053738594055176,-3.268385887145996,-3.544689416885376,-3.5581235885620117,-3.5581235885620117,-3.5581235885620117,-3.5581235885620117,-3.5581235885620117,-3.5581235885620117,-3.5581235885620117,-3.5581235885620117,-3.5581235885620117,-3.5581235885620117,-3.5581235885620117,
38378,-1.3236838579177856,-1.8590222597122192,-1.9230692386627197,-1.9230692386627197,-2.0739784240722656,-2.915626287460327,-3.0352747440338135,-3.0360894203186035,-3.0360894203186035,-3.0360894203186035,-3.0360894203186035,-3.0360894203186035,-3.0360894203186035,-3.0360894203186035,-3.0360894203186035,-3.0360894203186035,-3.0360894203186035,-3.0360894203186035,-3.0360894203186035,
38888,-1.0231378078460693,-1.0231378078460693,-1.0910027027130127,-1.2096707820892334,-1.3433551788330078,-1.405182123184204,-1.5764143466949463,-1.812596321105957,-1.8217881917953491,-1.8217881917953491,-1.8217881917953491,-1.8217881917953491,-1.8217881917953491,-1.8217881917953491,-1.8217881917953491,-1.8217881917953491,-1.8217881917953491,-1.8217881917953491,-1.8217881917953491,
39104,-1.8552194833755493,-1.961005449295044,-2.0148024559020996,-2.0277163982391357,-2.143219470977783,-2.32442569732666,-2.417165756225586,-2.4242429733276367,-2.4242429733276367,-2.4242429733276367,-2.4242429733276367,-2.5060691833496094,-2.5151050090789795,-2.5151050090789795,-2.5151050090789795,-2.5151050090789795,-2.5151050090789795,-2.5151050090789795,-2.5151050090789795,
39925,1.5229682922363281,1.5104951858520508,1.010655403137207,0.6195976734161377,0.5692663192749023,0.3945274353027344,0.3892343044281006,0.3892343044281006,0.3666822910308838,0.14672231674194336,0.1409926414489746,0.1409926414489746,0.1409926414489746,0.1409926414489746,0.1409926414489746,0.1409926414489746,0.1409926414489746,0.1409926414489746,0.1409926414489746,
40222,-3.9260377883911133,-4.000374794006348,-4.035468101501465,-4.361612796783447,-4.361612796783447,-4.368184566497803,-4.368184566497803,-4.371122360229492,-4.371122360229492,-4.682868480682373,-4.705506801605225,-4.705506801605225,-4.705506801605225,-4.705506801605225,-4.705506801605225,-4.705506801605225,-4.705506801605225,-4.705506801605225,-4.705506801605225,
40934,-4.5127081871032715,-4.541732311248779,-4.840880393981934,-4.840880393981934,-4.916430950164795,-5.07326078414917,-5.075424671173096,-5.197516441345215,-5.542334079742432,-5.551277160644531,-5.56864070892334,-5.56864070892334,-5.56864070892334,-5.56864070892334,-5.56864070892334,-5.56864070892334,-5.56864070892334,-5.569829940795898,-5.569829940795898,
41110,1.510911464691162,0.975257396697998,0.8839626312255859,0.8689970970153809,0.8070101737976074,0.6635098457336426,0.6624045372009277,0.6624045372009277,0.6624045372009277,0.6624045372009277,0.6624045372009277,0.6624045372009277,0.6624045372009277,0.6624045372009277,0.6624045372009277,0.6624045372009277,0.6624045372009277,0.6624045372009277,0.6624045372009277,
41918,-4.284424781799316,-4.404486656188965,-4.473505020141602,-4.573585033416748,-4.573585033416748,-4.775245666503906,-4.833949089050293,-4.958015441894531,-4.95929479598999,-4.959388256072998,-4.959388256072998,-4.959388256072998,-4.959388256072998,-4.959388256072998,-4.959388256072998,-4.959388256072998,-4.960204601287842,-4.960204601287842,-4.960204601287842,
42257,-3.7496566772460938,-4.249940872192383,-4.374814033508301,-4.556490421295166,-4.604618072509766,-4.953533172607422,-4.968051910400391,-4.968051910400391,-5.1020097732543945,-5.147702217102051,-5.147702217102051,-5.149076461791992,-5.149076461791992,-5.149076461791992,-5.149076461791992,-5.149076461791992,-5.149076461791992,-5.149076461791992,-5.149076461791992,
42554,-3.8418056964874268,-3.90567684173584,-4.364091396331787,-4.571480751037598,-5.02597188949585,-5.141656875610352,-5.153637886047363,-5.153637886047363,-5.153637886047363,-5.416505813598633,-5.457205295562744,-5.459240436553955,-5.459240436553955,-5.459240436553955,-5.459240436553955,-5.459240436553955,-5.459240436553955,-5.459240436553955,-5.459240436553955,
43147,-1.8031091690063477,-1.8290131092071533,-2.6472344398498535,-2.746438980102539,-2.931149959564209,-2.9957261085510254,-2.9985787868499756,-3.1835222244262695,-3.314943790435791,-3.3160362243652344,-3.316790819168091,-3.316790819168091,-3.316790819168091,-3.316790819168091,-3.316790819168091,-3.316790819168091,-3.316790819168091,-3.316790819168091,-3.316790819168091,
43947,-2.9037694931030273,-3.1108133792877197,-3.4748599529266357,-3.656339645385742,-3.6683104038238525,-3.811035394668579,-3.8194515705108643,-3.8194515705108643,-3.8194515705108643,-3.8194515705108643,-3.8194515705108643,-3.8211379051208496,-3.8211379051208496,-3.8211379051208496,-3.8211379051208496,-3.8211379051208496,-3.8211379051208496,-3.8211379051208496,-3.8211379051208496,
44042,1.1556992530822754,0.3475949764251709,0.3475949764251709,0.017871856689453125,0.0030918121337890625,-0.08941507339477539,-0.08941507339477539,-0.16507959365844727,-0.5167930126190186,-0.555079460144043,-0.555079460144043,-0.555079460144043,-0.555079460144043,-0.555079460144043,-0.555079460144043,-0.555079460144043,-0.555079460144043,-0.555079460144043,-0.555079460144043,
44755,-0.5058095455169678,-0.9209593534469604,-0.9552502632141113,-1.0183918476104736,-1.0767604112625122,-1.3292715549468994,-1.416664481163025,-1.642751932144165,-1.7508476972579956,-1.7598646879196167,-1.7598646879196167,-1.7598646879196167,-1.7598646879196167,-1.7598646879196167,-1.7598646879196167,-1.7598646879196167,-1.7598646879196167,-1.7598646879196167,-1.7598646879196167,
45394,-3.162590980529785,-3.187847375869751,-3.22054123878479,-3.369657278060913,-3.3714187145233154,-3.6795504093170166,-3.690136194229126,-3.690136194229126,-3.690136194229126,-3.690136194229126,-3.690136194229126,-3.690136194229126,-3.690136194229126,-3.690136194229126,-3.691405773162842,-3.6942386627197266,-3.6942386627197266,-3.6942386627197266,-3.6942386627197266,
45542,-2.4500157833099365,-2.4500157833099365,-2.5739598274230957,-2.5981311798095703,-2.6873350143432617,-3.1227529048919678,-3.137202739715576,-3.137202739715576,-3.137202739715576,-3.137202739715576,-3.137202739715576,-3.137202739715576,-3.137202739715576,-3.137202739715576,-3.137202739715576,-3.137202739715576,-3.137202739715576,-3.137202739715576,-3.137202739715576,
46054,-4.6327009201049805,-4.9875030517578125,-5.300804138183594,-5.550389289855957,-5.721888542175293,-6.009491443634033,-6.057718276977539,-6.060988426208496,-6.060988426208496,-6.060988426208496,-6.060988426208496,-6.060988426208496,-6.060988426208496,-6.060988426208496,-6.060988426208496,-6.060988426208496,-6.090976715087891,-6.111578464508057,-6.111578464508057,
46894,0.616330623626709,0.13761329650878906,0.13761329650878906,0.07634878158569336,0.05873727798461914,0.015009880065917969,0.015009880065917969,0.015009880065917969,-0.14681148529052734,-0.24133634567260742,-0.24466538429260254,-0.24466538429260254,-0.24466538429260254,-0.24466538429260254,-0.24466538429260254,-0.24466538429260254,-0.24466538429260254,-0.24466538429260254,-0.24466538429260254,
47233,0.8201084136962891,0.8201084136962891,0.6816854476928711,0.6350030899047852,0.6045107841491699,0.49793243408203125,0.49431443214416504,0.49431443214416504,0.49431443214416504,0.49431443214416504,0.49431443214416504,0.49431443214416504,0.29972219467163086,0.28115177154541016,0.28115177154541016,0.28115177154541016,0.28115177154541016,0.28115177154541016,0.28115177154541016,
47893,0.8317344188690186,0.20365524291992188,0.025908231735229492,-0.5134046077728271,-0.5611605644226074,-0.632706880569458,-0.632706880569458,-0.632706880569458,-0.632706880569458,-0.632706880569458,-0.632706880569458,-0.632706880569458,-0.632706880569458,-0.632706880569458,-0.632706880569458,-0.632706880569458,-0.632706880569458,-0.632706880569458,-0.632706880569458,
48029,-1.857024073600769,-2.091470956802368,-2.20766282081604,-2.20766282081604,-2.219672918319702,-2.2545182704925537,-2.2545182704925537,-2.2545182704925537,-2.2545182704925537,-2.2545182704925537,-2.2545182704925537,-2.2545182704925537,-2.2545182704925537,-2.2545182704925537,-2.404423475265503,-2.4237802028656006,-2.425156354904175,-2.425156354904175,-2.425156354904175,
48700,1.6393623352050781,1.6238856315612793,1.187185287475586,1.0076475143432617,0.8714354038238525,0.7977080345153809,0.7948758602142334,0.7948758602142334,0.7948758602142334,0.7948758602142334,0.7948758602142334,0.7948758602142334,0.7948758602142334,0.6525733470916748,0.6452054977416992,0.6452054977416992,0.6452054977416992,0.6452054977416992,0.6452054977416992,
49015,-0.29535770416259766,-0.9952969551086426,-1.2029643058776855,-1.2722463607788086,-1.3255678415298462,-1.5044081211090088,-1.509739637374878,-1.6116317510604858,-1.684670329093933,-1.686758041381836,-1.9376931190490723,-2.014101982116699,-2.017406463623047,-2.017406463623047,-2.017406463623047,-2.017406463623047,-2.017406463623047,-2.017406463623047,-2.017406463623047,
