343,-1.016925573348999,-1.1247361898422241,-1.1374338865280151,-1.3040636777877808,-1.4137427806854248,-1.6592652797698975,-1.9144536256790161,-1.9144536256790161,-1.9176996946334839,-1.9176996946334839,-2.16245174407959,-2.2362871170043945,-2.2362871170043945,-2.2362871170043945,-2.2362871170043945,-2.2362871170043945,-2.2362871170043945,-2.2362871170043945,-2.2362871170043945,
619,0.3263370990753174,0.19914031028747559,0.17180180549621582,0.10209989547729492,-0.005189657211303711,-0.028573989868164062,-0.1718146800994873,-0.1777646541595459,-0.24135112762451172,-0.31939172744750977,-0.32258152961730957,-0.32258152961730957,-0.32258152961730957,-0.32258152961730957,-0.41941094398498535,-0.42192769050598145,-0.42192769050598145,-0.42192769050598145,-0.42192769050598145,
1307,-2.424987316131592,-2.561784267425537,-2.6514840126037598,-2.665111780166626,-2.7146873474121094,-2.8430681228637695,-2.8487939834594727,-2.869431495666504,-2.8756942749023438,-2.9145736694335938,-2.942150115966797,-2.955476760864258,-2.956587314605713,-2.956768274307251,-2.956768274307251,-2.956768274307251,-2.956768274307251,-2.956768274307251,-2.956768274307251,
1690,-2.06534481048584,-2.2099556922912598,-2.866248607635498,-3.0040102005004883,-3.045474052429199,-3.1422901153564453,-3.50980281829834,-3.6222286224365234,-3.6273045539855957,-3.6273045539855957,-3.6273045539855957,-3.6273045539855957,-3.6273045539855957,-3.6273045539855957,-3.6273045539855957,-3.6273045539855957,-3.6273045539855957,-3.6273045539855957,-3.6273045539855957,
2033,-3.280398368835449,-3.4848647117614746,-4.002481937408447,-4.002481937408447,-4.0991129875183105,-4.250363349914551,-4.251383304595947,-4.251383304595947,-4.251383304595947,-4.251383304595947,-4.251383304595947,-4.251383304595947,-4.251383304595947,-4.251383304595947,-4.251383304595947,-4.251383304595947,-4.251383304595947,-4.251383304595947,-4.251383304595947,
2943,-3.7373411655426025,-3.7373411655426025,-3.872633457183838,-3.9233734607696533,-3.983520030975342,-4.278153419494629,-4.291017532348633,-4.291017532348633,-4.291017532348633,-4.291017532348633,-4.291017532348633,-4.344119071960449,-4.549368381500244,-4.563374996185303,-4.563374996185303,-4.563374996185303,-4.563374996185303,-4.563374996185303,-4.563374996185303,
3500,1.4541637897491455,1.2170512676239014,1.1898605823516846,0.9927775859832764,0.8455054759979248,0.7922918796539307,0.7902343273162842,0.7902343273162842,0.7902343273162842,0.7902343273162842,0.7902343273162842,0.7902343273162842,0.7902343273162842,0.7902343273162842,0.7902343273162842,0.7902343273162842,0.7902343273162842,0.7902343273162842,0.7902343273162842,
3867,-2.0976181030273438,-2.0976181030273438,-2.215406894683838,-2.227673053741455,-2.2674267292022705,-2.467930555343628,-2.547739267349243,-2.548783779144287,-2.548783779144287,-2.548783779144287,-2.548783779144287,-2.548783779144287,-2.548783779144287,-2.548783779144287,-2.548783779144287,-2.548783779144287,-2.548783779144287,-2.548783779144287,-2.548783779144287,
4126,-1.0861730575561523,-1.1883094310760498,-1.2389845848083496,-1.2998912334442139,-1.3295254707336426,-1.731180191040039,-1.799926519393921,-1.8009467124938965,-1.8009467124938965,-1.8009467124938965,-1.8009467124938965,-1.8009467124938965,-1.8009467124938965,-1.8009467124938965,-1.8009467124938965,-1.8009467124938965,-1.8009467124938965,-1.8009467124938965,-1.8009467124938965,
4992,-4.780608177185059,-5.097728729248047,-5.149259090423584,-5.252241134643555,-5.275157928466797,-5.326884746551514,-5.327629089355469,-5.327629089355469,-5.327629089355469,-5.327629089355469,-5.327629089355469,-5.34138822555542,-5.346269607543945,-5.346269607543945,-5.346269607543945,-5.346269607543945,-5.346269607543945,-5.346269607543945,-5.346269607543945,
5162,-5.098955154418945,-5.541350364685059,-5.614496231079102,-5.718512535095215,-5.879690647125244,-6.341248989105225,-6.365227222442627,-6.3654375076293945,-6.3654375076293945,-6.3654375076293945,-6.3654375076293945,-6.3654375076293945,-6.36668062210083,-6.36668062210083,-6.36668062210083,-6.36668062210083,-6.36668062210083,-6.36668062210083,-6.36668062210083,
5869,0.736635684967041,0.624305248260498,0.624305248260498,0.6144146919250488,0.5282418727874756,0.40789127349853516,0.39459729194641113,-0.04930830001831055,-0.10073685646057129,-0.10110139846801758,-0.10110139846801758,-0.10110139846801758,-0.10110139846801758,-0.10110139846801758,-0.10110139846801758,-0.10110139846801758,-0.10110139846801758,-0.10110139846801758,-0.10110139846801758,
6200,-2.732617139816284,-2.732617139816284,-2.7804934978485107,-2.7804934978485107,-2.8970236778259277,-3.2651119232177734,-3.546358108520508,-3.553349018096924,-3.553349018096924,-3.553349018096924,-3.553349018096924,-3.553349018096924,-3.6182494163513184,-3.620025634765625,-3.620025634765625,-3.620025634765625,-3.620025634765625,-3.620025634765625,-3.620025634765625,
6827,2.762718915939331,2.3042094707489014,2.3042094707489014,2.1370999813079834,2.0297858715057373,1.2024033069610596,1.0232174396514893,1.0135791301727295,1.0135791301727295,1.0135791301727295,1.0135791301727295,1.0135791301727295,1.0135791301727295,1.0135791301727295,1.0135791301727295,1.0135791301727295,1.0135791301727295,1.0135791301727295,1.0135791301727295,
7210,3.197417736053467,2.849475383758545,2.849475383758545,2.782632827758789,2.6718549728393555,2.3702406883239746,2.2488856315612793,2.2428159713745117,2.2428159713745117,2.2428159713745117,2.2428159713745117,2.2428159713745117,2.032151222229004,1.9898409843444824,1.9870986938476562,1.9870986938476562,1.9870986938476562,1.9870986938476562,1.9870986938476562,
7592,-3.340179920196533,-3.428025484085083,-3.48087477684021,-3.5160701274871826,-3.5167102813720703,-3.661464214324951,-3.7096338272094727,-3.892486572265625,-3.8934638500213623,-3.8934638500213623,-3.8934638500213623,-3.8934638500213623,-3.8934638500213623,-3.9231691360473633,-3.9345593452453613,-3.9345593452453613,-3.9345593452453613,-3.9345593452453613,-3.9345593452453613,
8300,-0.26871490478515625,-0.3791060447692871,-0.3872716426849365,-0.45090723037719727,-0.7787282466888428,-0.9516434669494629,-1.0427298545837402,-1.0608572959899902,-1.132814884185791,-1.1371583938598633,-1.1371583938598633,-1.1371583938598633,-1.1371583938598633,-1.1371583938598633,-1.1371583938598633,-1.1371583938598633,-1.1371583938598633,-1.2169365882873535,-1.2179796695709229,
8510,-1.0940485000610352,-1.1299161911010742,-1.1299161911010742,-1.28105628490448,-1.617340087890625,-1.8533740043640137,-1.8570270538330078,-1.8570270538330078,-1.8570270538330078,-1.8570270538330078,-1.8570270538330078,-1.8570270538330078,-1.8570270538330078,-1.8570270538330078,-1.8570270538330078,-1.8570270538330078,-1.8570270538330078,-1.8570270538330078,-1.8570270538330078,
9336,0.40092992782592773,0.3860011100769043,0.35706377029418945,0.3295891284942627,0.1849367618560791,0.14269542694091797,0.13350129127502441,0.13350129127502441,0.13350129127502441,0.13350129127502441,0.13350129127502441,0.13350129127502441,0.13350129127502441,0.13350129127502441,0.13350129127502441,0.13350129127502441,-0.029718399047851562,-0.03470301628112793,-0.03470301628112793,
9753,-0.22339081764221191,-0.22339081764221191,-0.2517402172088623,-0.27303147315979004,-0.468369722366333,-0.5247297286987305,-0.5269627571105957,-0.5269627571105957,-0.5269627571105957,-0.5269627571105957,-0.5269627571105957,-0.5269627571105957,-0.5856878757476807,-0.614330530166626,-0.6156857013702393,-0.6156857013702393,-0.6156857013702393,-0.6156857013702393,-0.6156857013702393,
10390,-0.6767709255218506,-1.1195769309997559,-1.1195769309997559,-1.2505347728729248,-1.4905002117156982,-1.743492603302002,-1.919053077697754,-1.9259999990463257,-1.9259999990463257,-1.9259999990463257,-1.9259999990463257,-1.9259999990463257,-1.9259999990463257,-1.9259999990463257,-1.9259999990463257,-1.9259999990463257,-1.9259999990463257,-1.9259999990463257,-1.9259999990463257,
10760,-2.286332607269287,-3.0348293781280518,-3.610532760620117,-3.642695188522339,-3.7199881076812744,-3.7846322059631348,-3.7882180213928223,-3.9285781383514404,-3.9468796253204346,-3.9494056701660156,-3.9494056701660156,-3.9494056701660156,-3.9494056701660156,-3.9494056701660156,-3.9494056701660156,-3.9611549377441406,-3.9611880779266357,-3.9616549015045166,-3.9616549015045166,
11202,-1.6628329753875732,-1.8818092346191406,-1.9199166297912598,-2.1175405979156494,-2.2535133361816406,-2.4055168628692627,-2.4121460914611816,-2.5164196491241455,-2.5199708938598633,-2.5199708938598633,-2.5199708938598633,-2.5199708938598633,-2.5199708938598633,-2.5199708938598633,-2.606461524963379,-2.6111974716186523,-2.6111974716186523,-2.6111974716186523,-2.6111974716186523,
11954,-2.504106044769287,-2.5077054500579834,-2.5077054500579834,-2.57452654838562,-2.7262332439422607,-2.905956268310547,-2.9124701023101807,-2.9135303497314453,-2.9135303497314453,-2.9135303497314453,-2.9135303497314453,-2.9135303497314453,-2.9135303497314453,-2.9135303497314453,-2.9135303497314453,-2.9135303497314453,-3.0509986877441406,-3.067387580871582,-3.067387580871582,
12500,-5.46457576751709,-5.612653732299805,-5.7915873527526855,-5.797606468200684,-6.0477824211120605,-6.088589191436768,-6.088589191436768,-6.088589191436768,-6.088589191436768,-6.088589191436768,-6.088589191436768,-6.088589191436768,-6.088589191436768,-6.088589191436768,-6.088589191436768,-6.241937637329102,-6.464837074279785,-6.478287696838379,-6.478287696838379,
12713,-1.3197522163391113,-1.3298931121826172,-1.6081624031066895,-1.8131422996520996,-1.9173331260681152,-2.0301809310913086,-2.0301809310913086,-2.226032257080078,-2.2618279457092285,-2.2618279457092285,-2.2618279457092285,-2.2618279457092285,-2.2618279457092285,-2.2618279457092285,-2.2618279457092285,-2.2618279457092285,-2.2618279457092285,-2.2618279457092285,-2.2618279457092285,
13135,1.8371648788452148,1.7029013633728027,1.2526812553405762,1.0504183769226074,0.9739303588867188,0.7753839492797852,0.7708063125610352,0.7708063125610352,0.7708063125610352,0.7708063125610352,0.7708063125610352,0.7708063125610352,0.7708063125610352,0.7708063125610352,0.7708063125610352,0.7708063125610352,0.7708063125610352,0.7708063125610352,0.7708063125610352,
13829,-0.3549480438232422,-0.3549480438232422,-0.45871448516845703,-0.5763261318206787,-0.6183409690856934,-0.831505537033081,-0.8353638648986816,-0.9528102874755859,-0.9962024688720703,-0.9989597797393799,-0.9989597797393799,-0.9989597797393799,-0.9989597797393799,-0.9989597797393799,-0.9989597797393799,-0.9989597797393799,-0.9989597797393799,-0.9989597797393799,-0.9989597797393799,
14176,1.1127822399139404,0.9218924045562744,0.7973041534423828,0.764183759689331,0.7530627250671387,0.5958352088928223,0.5918762683868408,0.5918762683868408,0.5918762683868408,0.5918762683868408,0.5918762683868408,0.5918762683868408,0.5918762683868408,0.5918762683868408,0.5918762683868408,0.5918762683868408,0.5666921138763428,0.5192832946777344,0.51399827003479,
14879,-3.8738880157470703,-4.7804059982299805,-5.1626152992248535,-5.175933837890625,-5.324380874633789,-5.536906719207764,-5.681621074676514,-5.888136386871338,-6.2551679611206055,-6.26029109954834,-6.26029109954834,-6.26029109954834,-6.26029109954834,-6.26029109954834,-6.26029109954834,-6.26029109954834,-6.26029109954834,-6.26029109954834,-6.26029109954834,
15149,1.3876829147338867,1.0026321411132812,1.0026321411132812,0.6790475845336914,0.5717229843139648,0.33835840225219727,0.33010411262512207,0.21097326278686523,0.2051095962524414,0.20485734939575195,0.20485734939575195,0.20485734939575195,0.20485734939575195,0.20485734939575195,0.20485734939575195,0.20485734939575195,0.20485734939575195,0.20485734939575195,0.20485734939575195,
15620,-3.382094144821167,-3.4557039737701416,-3.4955668449401855,-3.553875684738159,-3.55879545211792,-3.573899745941162,-3.573899745941162,-3.573899745941162,-3.573899745941162,-3.5740456581115723,-3.5740456581115723,-3.5740456581115723,-3.5740456581115723,-3.5740456581115723,-3.5740456581115723,-3.5740456581115723,-3.5740456581115723,-3.5740456581115723,-3.5740456581115723,
16098,-0.5391273498535156,-0.7844479084014893,-0.901167631149292,-1.0728745460510254,-1.1045048236846924,-1.3191111087799072,-2.069382905960083,-2.1086716651916504,-2.1165595054626465,-2.1165595054626465,-2.1165595054626465,-2.1165595054626465,-2.1165595054626465,-2.1165595054626465,-2.1165595054626465,-2.1165595054626465,-2.1165595054626465,-2.1165595054626465,-2.1165595054626465,
16994,-2.165181875228882,-2.355379581451416,-3.257746934890747,-3.6103262901306152,-4.0749006271362305,-4.382446765899658,-4.408885955810547,-4.408885955810547,-4.408885955810547,-4.408885955810547,-4.408885955810547,-4.408885955810547,-4.408885955810547,-4.408885955810547,-4.408885955810547,-4.408885955810547,-4.408885955810547,-4.408885955810547,-4.408885955810547,
17485,-2.084300994873047,-2.2447128295898438,-2.2765111923217773,-2.375349760055542,-2.375349760055542,-2.3943369388580322,-2.3951854705810547,-2.3951854705810547,-2.3951854705810547,-2.3951854705810547,-2.3951854705810547,-2.3951854705810547,-2.4894676208496094,-2.4958415031433105,-2.4958415031433105,-2.4958415031433105,-2.4958415031433105,-2.4958415031433105,-2.4958415031433105,
17950,-1.6502012014389038,-1.6593284606933594,-1.9695773124694824,-2.085610866546631,-2.104006290435791,-2.182321548461914,-2.1827802658081055,-2.1827802658081055,-2.1827802658081055,-2.1827802658081055,-2.1827802658081055,-2.1827802658081055,-2.1827802658081055,-2.1827802658081055,-2.1827802658081055,-2.1827802658081055,-2.1827802658081055,-2.1827802658081055,-2.1827802658081055,
18020,-3.374143362045288,-3.374143362045288,-3.5196309089660645,-3.641993761062622,-3.6424736976623535,-3.6622676849365234,-3.6622676849365234,-3.6622676849365234,-3.6622676849365234,-3.6622676849365234,-3.6622676849365234,-3.6622676849365234,-3.6622676849365234,-3.6622676849365234,-3.6622676849365234,-3.6622676849365234,-3.6622676849365234,-3.6622676849365234,-3.6622676849365234,
18505,-2.6194281578063965,-2.6194281578063965,-2.6885299682617188,-2.743518590927124,-2.743518590927124,-2.849195718765259,-2.849195718765259,-2.849195718765259,-2.981729745864868,-2.984952211380005,-2.9858267307281494,-2.9858267307281494,-2.9858267307281494,-2.9858267307281494,-2.9858267307281494,-2.9858267307281494,-2.9858267307281494,-2.9858267307281494,-2.9858267307281494,
19317,-4.401934623718262,-4.401934623718262,-4.588067054748535,-4.588067054748535,-4.778834342956543,-4.888559818267822,-4.891047477722168,-4.891047477722168,-4.891047477722168,-4.891047477722168,-4.891047477722168,-4.891047477722168,-4.891047477722168,-4.891047477722168,-4.891047477722168,-4.891047477722168,-4.891047477722168,-5.02623176574707,-5.049013614654541,
19536,-4.791635990142822,-5.414102554321289,-5.930418014526367,-5.931846618652344,-5.9486083984375,-6.017433166503906,-6.128568649291992,-6.156390190124512,-6.163750648498535,-6.163750648498535,-6.163750648498535,-6.163750648498535,-6.163750648498535,-6.163750648498535,-6.163750648498535,-6.163750648498535,-6.163750648498535,-6.245366096496582,-6.246451377868652,
20065,0.678398609161377,0.31679773330688477,0.2985825538635254,0.2985825538635254,-0.006960391998291016,-0.5248963832855225,-1.041121482849121,-1.1672990322113037,-1.1718034744262695,-1.1718034744262695,-1.1718034744262695,-1.1718034744262695,-1.1718034744262695,-1.1718034744262695,-1.1718034744262695,-1.1718034744262695,-1.1718034744262695,-1.1718034744262695,-1.1718034744262695,
20832,-0.9466361999511719,-1.1045746803283691,-1.5669965744018555,-1.5870919227600098,-1.6387407779693604,-1.9784694910049438,-2.03408145904541,-2.03408145904541,-2.03408145904541,-2.435947895050049,-2.4462342262268066,-2.4462342262268066,-2.4462342262268066,-2.4462342262268066,-2.4462342262268066,-2.4462342262268066,-2.4462342262268066,-2.4462342262268066,-2.4462342262268066,
21246,-3.9138686656951904,-3.9356260299682617,-4.51107120513916,-4.665766716003418,-4.8191070556640625,-4.953431129455566,-4.953431129455566,-4.953431129455566,-4.953431129455566,-4.953431129455566,-4.954538345336914,-4.954538345336914,-4.954538345336914,-4.954538345336914,-4.954538345336914,-4.954538345336914,-4.954538345336914,-4.954538345336914,-4.954538345336914,
21925,-2.017690658569336,-2.017690658569336,-2.4343502521514893,-2.4343502521514893,-2.517449140548706,-2.549259901046753,-3.1817660331726074,-3.387230634689331,-3.3947136402130127,-3.3947136402130127,-3.3947136402130127,-3.3947136402130127,-3.3947136402130127,-3.3947136402130127,-3.3947136402130127,-3.3947136402130127,-3.3947136402130127,-3.3947136402130127,-3.3947136402130127,
22487,-3.230552911758423,-3.602544069290161,-4.0664472579956055,-4.097840309143066,-4.2819647789001465,-4.761011600494385,-4.766973495483398,-4.766973495483398,-4.766973495483398,-4.766973495483398,-4.766973495483398,-4.766973495483398,-4.766973495483398,-4.865729808807373,-4.944899082183838,-5.356875419616699,-5.427170753479004,-5.427170753479004,-5.427170753479004,
22748,1.3370747566223145,1.332132339477539,0.614837646484375,0.526402473449707,0.4438810348510742,0.21527385711669922,0.1962890625,0.1962890625,0.1962890625,0.1962890625,0.08893156051635742,-0.5217227935791016,-0.536064863204956,-0.536064863204956,-0.536064863204956,-0.536064863204956,-0.5401701927185059,-0.5401701927185059,-0.5401701927185059,
23489,-2.493790626525879,-2.931896686553955,-2.9319801330566406,-2.972242593765259,-3.0172324180603027,-3.2810018062591553,-3.303879976272583,-3.303879976272583,-3.612727642059326,-3.7450144290924072,-3.9127631187438965,-3.9207763671875,-3.9207763671875,-3.9207763671875,-3.9207763671875,-3.9207763671875,-3.9207763671875,-3.9207763671875,-3.9207763671875,
23572,-6.574590682983398,-6.644233703613281,-6.719764232635498,-6.89088249206543,-7.031247138977051,-7.09964656829834,-7.147442817687988,-7.172659397125244,-7.172659397125244,-7.172659397125244,-7.172659397125244,-7.4081525802612305,-7.414259433746338,-7.414259433746338,-7.414259433746338,-7.414259433746338,-7.414259433746338,-7.414259433746338,-7.414259433746338,
24374,-1.34433913230896,-2.004979372024536,-2.0369503498077393,-2.1581363677978516,-2.3188869953155518,-2.457418441772461,-2.4793307781219482,-2.4793307781219482,-2.4793307781219482,-2.4793307781219482,-2.4793307781219482,-2.4793307781219482,-2.4793307781219482,-2.4793307781219482,-2.49210786819458,-2.603515625,-2.6054725646972656,-2.6054725646972656,-2.6054725646972656,
24724,-2.0875959396362305,-2.137185573577881,-2.197266101837158,-2.309363842010498,-2.42533016204834,-2.7734484672546387,-2.7848262786865234,-2.7848262786865234,-2.7848262786865234,-2.7848262786865234,-3.0925159454345703,-3.129532814025879,-3.1330935955047607,-3.1330935955047607,-3.1330935955047607,-3.1330935955047607,-3.1330935955047607,-3.1330935955047607,-3.1330935955047607,
25083,-2.6338281631469727,-2.69061279296875,-2.9241816997528076,-3.606832504272461,-3.606832504272461,-3.6656103134155273,-3.6656103134155273,-3.6656103134155273,-3.6656103134155273,-3.6656103134155273,-3.6656103134155273,-3.6656103134155273,-3.6656103134155273,-3.6656103134155273,-3.6656103134155273,-3.6656103134155273,-3.6656103134155273,-3.6656103134155273,-3.6656103134155273,
25508,-2.5377213954925537,-2.808156967163086,-2.808156967163086,-3.0324342250823975,-3.0982396602630615,-3.181361675262451,-3.1862571239471436,-3.6549429893493652,-3.8223774433135986,-3.839308500289917,-3.839308500289917,-3.839308500289917,-3.839308500289917,-3.839308500289917,-3.839308500289917,-3.839308500289917,-3.839308500289917,-3.839308500289917,-3.839308500289917,
26094,-2.8150110244750977,-3.115290641784668,-3.5184576511383057,-3.5184576511383057,-3.6498982906341553,-4.049825668334961,-4.049825668334961,-4.049825668334961,-4.049825668334961,-4.049825668334961,-4.208286285400391,-4.236149787902832,-4.236149787902832,-4.236149787902832,-4.236149787902832,-4.236149787902832,-4.236149787902832,-4.236149787902832,-4.236149787902832,
26594,-5.361326217651367,-6.280732154846191,-6.896956443786621,-6.896956443786621,-6.961743354797363,-7.033855438232422,-7.035985946655273,-7.19615364074707,-7.223090171813965,-7.225695610046387,-7.225695610046387,-7.225695610046387,-7.225695610046387,-7.225695610046387,-7.225695610046387,-7.225695610046387,-7.225695610046387,-7.225695610046387,-7.225695610046387,
27274,-5.25129508972168,-5.277813911437988,-5.958637237548828,-6.07676887512207,-6.126392364501953,-6.277313232421875,-6.282249927520752,-6.282249927520752,-6.282249927520752,-6.282249927520752,-6.282249927520752,-6.311280250549316,-6.567013263702393,-6.573101043701172,-6.573101043701172,-6.573101043701172,-6.573101043701172,-6.573101043701172,-6.573101043701172,
27751,-5.160731792449951,-5.350113391876221,-5.439854145050049,-5.689085960388184,-5.720672607421875,-5.833707809448242,-5.928572177886963,-5.945648193359375,-5.945648193359375,-5.945648193359375,-5.945648193359375,-5.945648193359375,-5.945648193359375,-6.069188117980957,-6.078132152557373,-6.078132152557373,-6.078132152557373,-6.078132152557373,-6.078132152557373,
28308,3.1221835613250732,2.7294719219207764,2.6312568187713623,2.4814059734344482,2.2785909175872803,1.901545763015747,1.893343210220337,1.893343210220337,1.893343210220337,1.893343210220337,1.6383922100067139,1.3847877979278564,1.3826797008514404,1.3826797008514404,1.3826797008514404,1.3826797008514404,1.3826797008514404,1.3826797008514404,1.3826797008514404,
28945,-3.6145427227020264,-3.6335806846618652,-3.645657539367676,-3.7063181400299072,-3.7986536026000977,-4.030152320861816,-4.063704490661621,-4.063704490661621,-4.063704490661621,-4.063704490661621,-4.131879806518555,-4.173081398010254,-4.174307346343994,-4.174307346343994,-4.174307346343994,-4.174307346343994,-4.174307346343994,-4.174307346343994,-4.174307346343994,
29272,-5.6239013671875,-5.772381782531738,-6.062474250793457,-6.161920547485352,-6.298449516296387,-6.544526100158691,-6.623517990112305,-6.758934497833252,-6.799809455871582,-6.799809455871582,-6.799809455871582,-6.799809455871582,-6.801772117614746,-6.802831172943115,-6.803224563598633,-6.803224563598633,-6.803224563598633,-6.803224563598633,-6.803224563598633,
29995,2.6339762210845947,2.248581647872925,2.1855170726776123,2.1567189693450928,2.051917314529419,1.976710557937622,1.876833200454712,1.862123727798462,1.862123727798462,1.862123727798462,1.862123727798462,1.862123727798462,1.862123727798462,1.862123727798462,1.862123727798462,1.862123727798462,1.862123727798462,1.862123727798462,1.862123727798462,
30252,-1.7779101133346558,-2.1025235652923584,-2.2956979274749756,-2.3116567134857178,-2.442169666290283,-2.6719374656677246,-2.679138422012329,-2.679138422012329,-2.679138422012329,-2.679138422012329,-2.679138422012329,-2.679138422012329,-2.679138422012329,-2.679138422012329,-2.679138422012329,-2.679138422012329,-2.679138422012329,-2.679138422012329,-2.679138422012329,
30895,-2.133207321166992,-2.270176649093628,-2.333588123321533,-2.4146227836608887,-2.476715326309204,-2.7975802421569824,-2.906674861907959,-2.927298069000244,-3.0565247535705566,-3.060682773590088,-3.060682773590088,-3.060682773590088,-3.060682773590088,-3.060682773590088,-3.060682773590088,-3.060682773590088,-3.060682773590088,-3.060682773590088,-3.060682773590088,
31211,-2.161649703979492,-2.6249570846557617,-2.6673882007598877,-2.692492961883545,-2.7207484245300293,-2.7964210510253906,-2.8925321102142334,-2.8925321102142334,-2.8925321102142334,-2.8925321102142334,-2.8925321102142334,-2.8925321102142334,-2.8925321102142334,-2.8925321102142334,-3.033470630645752,-3.058634042739868,-3.058634042739868,-3.058634042739868,-3.058634042739868,
31555,-3.937114953994751,-3.937114953994751,-4.109882354736328,-4.204129695892334,-4.221254348754883,-4.355411529541016,-4.357574462890625,-4.357574462890625,-4.521912574768066,-4.574401378631592,-4.574401378631592,-4.574401378631592,-4.574401378631592,-4.574401378631592,-4.574881553649902,-4.574881553649902,-4.574881553649902,-4.574881553649902,-4.574881553649902,
32337,1.3729634284973145,-0.28365516662597656,-0.39263081550598145,-0.395766019821167,-0.9195237159729004,-1.4432168006896973,-1.4551770687103271,-1.4551770687103271,-1.4551770687103271,-1.4551770687103271,-1.4551770687103271,-1.4551770687103271,-1.4551770687103271,-1.4551770687103271,-1.4551770687103271,-1.713829517364502,-1.7212777137756348,-1.7212777137756348,-1.7212777137756348,
32924,0.15443158149719238,0.1318507194519043,0.039595842361450195,-0.24184775352478027,-0.40326452255249023,-1.009549617767334,-1.021127700805664,-1.021127700805664,-1.021127700805664,-1.021127700805664,-1.021127700805664,-1.021127700805664,-1.021127700805664,-1.021127700805664,-1.021127700805664,-1.021127700805664,-1.021127700805664,-1.021127700805664,-1.021127700805664,
33313,-0.9071226119995117,-1.1994562149047852,-1.7109498977661133,-1.7109498977661133,-1.7382760047912598,-2.0307886600494385,-2.084716320037842,-2.0896425247192383,-2.0896425247192383,-2.136369228363037,-2.526906728744507,-2.627976179122925,-2.627976179122925,-2.627976179122925,-2.627976179122925,-2.627976179122925,-2.627976179122925,-2.627976179122925,-2.627976179122925,
33718,-2.575810432434082,-2.575810432434082,-3.0516774654388428,-3.3568053245544434,-3.54217529296875,-3.7256622314453125,-3.7338314056396484,-3.7338314056396484,-3.7338314056396484,-3.7338314056396484,-3.7338314056396484,-3.7338314056396484,-3.7338314056396484,-3.7338314056396484,-3.7338314056396484,-3.7338314056396484,-3.7338314056396484,-3.9457972049713135,-3.9886608123779297,
34438,1.3814754486083984,1.0400471687316895,0.9711995124816895,0.9711995124816895,0.8917522430419922,0.2408301830291748,0.18707966804504395,0.18707966804504395,0.1800222396850586,0.17491650581359863,0.17491650581359863,0.17491650581359863,0.17491650581359863,0.17491650581359863,0.17491650581359863,0.17491650581359863,0.17491650581359863,0.17491650581359863,0.17491650581359863,
34947,-0.556654691696167,-0.7383646965026855,-1.2643910646438599,-1.3215922117233276,-1.5294023752212524,-1.7900168895721436,-1.7944244146347046,-1.7944244146347046,-1.7944244146347046,-1.7944244146347046,-1.7944244146347046,-1.7944244146347046,-1.7944244146347046,-1.7944244146347046,-1.7944244146347046,-1.7944244146347046,-1.7944244146347046,-1.7944244146347046,-1.7944244146347046,
35214,-2.0332188606262207,-3.004136323928833,-3.4306697845458984,-3.617640972137451,-4.222869873046875,-4.396028995513916,-4.400157928466797,-4.40185546875,-4.40185546875,-4.40185546875,-4.40185546875,-4.40185546875,-4.40185546875,-4.40185546875,-4.40185546875,-4.40185546875,-4.40185546875,-4.40185546875,-4.40185546875,
35730,4.157495975494385,4.054710865020752,3.8661680221557617,3.8403310775756836,3.803171157836914,3.392444133758545,3.3865890502929688,3.1747488975524902,3.144615650177002,3.1439714431762695,3.1439714431762695,3.1439714431762695,3.1439714431762695,3.1439714431762695,3.1439714431762695,3.1439714431762695,3.1439714431762695,3.1439714431762695,3.1439714431762695,
36322,1.2156453132629395,0.16276121139526367,0.12070417404174805,-0.4109172821044922,-0.4109172821044922,-0.6850779056549072,-0.6965420246124268,-0.6965420246124268,-0.6981639862060547,-0.6981639862060547,-0.6981639862060547,-0.6981639862060547,-0.6981639862060547,-0.8237442970275879,-0.8338067531585693,-0.8338067531585693,-0.8338067531585693,-0.8338067531585693,-0.8338067531585693,
36650,-3.3963546752929688,-3.4747390747070312,-3.7799811363220215,-3.8536410331726074,-3.9075911045074463,-4.121254920959473,-4.128268718719482,-4.128268718719482,-4.128268718719482,-4.244465351104736,-4.252984523773193,-4.253337383270264,-4.253337383270264,-4.253337383270264,-4.253337383270264,-4.415441513061523,-4.423041343688965,-4.423041343688965,-4.423041343688965,
37116,-3.408780336380005,-3.667401075363159,-3.9648795127868652,-4.078340530395508,-4.269266128540039,-4.714034557342529,-4.738231182098389,-4.739391326904297,-4.739391326904297,-4.739391326904297,-4.739391326904297,-4.739391326904297,-4.845989227294922,-4.884099960327148,-4.884099960327148,-4.884099960327148,-4.884099960327148,-4.884099960327148,-4.884099960327148,
37969,-1.5370328426361084,-2.1348774433135986,-2.4352169036865234,-3.2329964637756348,-3.2421071529388428,-3.45383358001709,-3.469881296157837,-3.469881296157837,-3.469881296157837,-3.469881296157837,-3.469881296157837,-3.469881296157837,-3.469881296157837,-3.469881296157837,-3.469881296157837,-3.598740577697754,-3.6059675216674805,-3.6059675216674805,-3.6059675216674805,
38378,-1.3236838579177856,-1.8590222597122192,-1.9230692386627197,-1.9230692386627197,-2.0738396644592285,-2.9086289405822754,-3.0166940689086914,-3.0226845741271973,-3.0226845741271973,-3.0226845741271973,-3.0226845741271973,-3.0226845741271973,-3.0226845741271973,-3.0226845741271973,-3.0226845741271973,-3.0226845741271973,-3.0226845741271973,-3.0226845741271973,-3.0226845741271973,
38888,-1.0231378078460693,-1.0231378078460693,-1.0910027027130127,-1.2096707820892334,-1.3382821083068848,-1.4037518501281738,-1.5749619007110596,-1.8170009851455688,-1.8170009851455688,-1.8170009851455688,-1.8170009851455688,-1.8170009851455688,-1.8170009851455688,-1.8170009851455688,-1.8170009851455688,-1.8170009851455688,-1.8170009851455688,-1.8170009851455688,-1.8170009851455688,
39104,-1.8552194833755493,-1.961005449295044,-2.0148024559020996,-2.0277163982391357,-2.143219470977783,-2.209667682647705,-2.376173257827759,-2.422689437866211,-2.479189872741699,-2.5153183937072754,-2.5160045623779297,-2.5160045623779297,-2.5160045623779297,-2.5160045623779297,-2.5160045623779297,-2.5160045623779297,-2.5160045623779297,-2.5160045623779297,-2.5160045623779297,
39925,1.5229682922363281,1.5104951858520508,1.010655403137207,0.6195976734161377,0.5676181316375732,0.3945274353027344,0.3892343044281006,0.3892343044281006,0.1771557331085205,0.14232540130615234,0.14232540130615234,0.14232540130615234,0.14232540130615234,0.14232540130615234,0.14232540130615234,0.14232540130615234,0.14232540130615234,0.14232540130615234,0.14232540130615234,
40222,-3.9260377883911133,-4.000374794006348,-4.036569595336914,-4.32282829284668,-4.361612796783447,-4.371206283569336,-4.371206283569336,-4.371206283569336,-4.371206283569336,-4.371206283569336,-4.687334060668945,-4.704833507537842,-4.704833507537842,-4.704833507537842,-4.704833507537842,-4.704833507537842,-4.704833507537842,-4.704833507537842,-4.704833507537842,
40934,-4.5127081871032715,-4.541732311248779,-4.840880393981934,-4.840880393981934,-4.916430950164795,-5.07326078414917,-5.0755109786987305,-5.197516441345215,-5.542334079742432,-5.551277160644531,-5.56864070892334,-5.56864070892334,-5.56864070892334,-5.56864070892334,-5.56864070892334,-5.56864070892334,-5.56864070892334,-5.56864070892334,-5.570086479187012,
41110,1.510911464691162,0.975257396697998,0.8839626312255859,0.8689970970153809,0.8070101737976074,0.6642060279846191,0.6610479354858398,0.6610479354858398,0.6610479354858398,0.6610479354858398,0.6610479354858398,0.6610479354858398,0.6610479354858398,0.6610479354858398,0.6610479354858398,0.6610479354858398,0.6610479354858398,0.6610479354858398,0.6610479354858398,
41918,-4.284424781799316,-4.404486656188965,-4.473505020141602,-4.5736308097839355,-4.5736308097839355,-4.774364471435547,-4.83557653427124,-4.9565839767456055,-4.9617085456848145,-4.9617085456848145,-4.9617085456848145,-4.9617085456848145,-4.9617085456848145,-4.9617085456848145,-4.9617085456848145,-4.9617085456848145,-4.9617085456848145,-4.9617085456848145,-4.9617085456848145,
42257,-3.7496566772460938,-4.249940872192383,-4.374814033508301,-4.556490421295166,-4.604618072509766,-4.95496940612793,-4.967151641845703,-4.967151641845703,-4.967151641845703,-5.131601810455322,-5.172330379486084,-5.174016952514648,-5.174016952514648,-5.174016952514648,-5.174016952514648,-5.174016952514648,-5.174016952514648,-5.174016952514648,-5.174016952514648,
42554,-3.8418056964874268,-3.90567684173584,-4.364091396331787,-4.571480751037598,-5.02597188949585,-5.141656875610352,-5.14689826965332,-5.152839660644531,-5.152839660644531,-5.416505813598633,-5.457205295562744,-5.459240436553955,-5.459240436553955,-5.459240436553955,-5.459240436553955,-5.459240436553955,-5.459240436553955,-5.459240436553955,-5.459240436553955,
43147,-1.8031091690063477,-1.8290131092071533,-2.6492557525634766,-2.746438980102539,-2.931149959564209,-2.993007183074951,-3.000764846801758,-3.312289237976074,-3.3176772594451904,-3.3176772594451904,-3.3176772594451904,-3.3176772594451904,-3.3176772594451904,-3.3176772594451904,-3.3176772594451904,-3.3176772594451904,-3.3176772594451904,-3.3176772594451904,-3.3176772594451904,
43947,-2.9037694931030273,-3.281068801879883,-3.587857961654663,-3.587857961654663,-3.654582977294922,-3.803065538406372,-3.8200221061706543,-3.8200221061706543,-3.8200221061706543,-3.8200221061706543,-3.8200221061706543,-3.8200221061706543,-3.8200221061706543,-3.8200221061706543,-3.8200221061706543,-3.8200221061706543,-3.8200221061706543,-3.8200221061706543,-3.8200221061706543,
44042,1.1556992530822754,0.34799933433532715,0.34799933433532715,0.017871856689453125,0.0030918121337890625,-0.08941507339477539,-0.08941507339477539,-0.42978453636169434,-0.5256357192993164,-0.5298066139221191,-0.5298066139221191,-0.5298066139221191,-0.5298066139221191,-0.5298066139221191,-0.5298066139221191,-0.5298066139221191,-0.5298066139221191,-0.5298066139221191,-0.5298066139221191,
44755,-0.5058095455169678,-0.9209593534469604,-0.9552502632141113,-1.0183918476104736,-1.0767604112625122,-1.3292715549468994,-1.416664481163025,-1.717799425125122,-1.7408490180969238,-1.7408490180969238,-1.7408490180969238,-1.7408490180969238,-1.7408490180969238,-1.7408490180969238,-1.7408490180969238,-1.7408490180969238,-1.7408490180969238,-1.7408490180969238,-1.7408490180969238,
45394,-3.162590980529785,-3.187847375869751,-3.22054123878479,-3.369657278060913,-3.3714187145233154,-3.6795504093170166,-3.690136194229126,-3.690136194229126,-3.690136194229126,-3.690136194229126,-3.690136194229126,-3.690136194229126,-3.690136194229126,-3.694538116455078,-3.694538116455078,-3.694538116455078,-3.694538116455078,-3.694538116455078,-3.694538116455078,
45542,-2.4500157833099365,-2.4500157833099365,-2.5739598274230957,-2.5981311798095703,-2.6873350143432617,-3.1227529048919678,-3.137202739715576,-3.137202739715576,-3.137202739715576,-3.137202739715576,-3.137202739715576,-3.137202739715576,-3.137202739715576,-3.137202739715576,-3.137202739715576,-3.137202739715576,-3.137202739715576,-3.137202739715576,-3.137202739715576,
46054,-4.6327009201049805,-4.9875030517578125,-5.300804138183594,-5.550389289855957,-5.721888542175293,-6.009491443634033,-6.057718276977539,-6.060988426208496,-6.060988426208496,-6.060988426208496,-6.060988426208496,-6.060988426208496,-6.060988426208496,-6.090693473815918,-6.105248928070068,-6.105248928070068,-6.105248928070068,-6.105248928070068,-6.105248928070068,
46894,0.616330623626709,0.13761329650878906,0.13761329650878906,0.07634878158569336,0.05873727798461914,0.015009880065917969,0.015009880065917969,0.015009880065917969,-0.14681148529052734,-0.24133634567260742,-0.24466538429260254,-0.24466538429260254,-0.24466538429260254,-0.24466538429260254,-0.24466538429260254,-0.24466538429260254,-0.24466538429260254,-0.24466538429260254,-0.24466538429260254,
47233,0.8201084136962891,0.8201084136962891,0.6816854476928711,0.6350030899047852,0.6045107841491699,0.49793243408203125,0.49431443214416504,0.49431443214416504,0.49431443214416504,0.49431443214416504,0.49431443214416504,0.49431443214416504,0.49431443214416504,0.3860354423522949,0.3702816963195801,0.3702816963195801,0.3702816963195801,0.3702816963195801,0.3702816963195801,
47893,0.8317344188690186,0.20365524291992188,0.025908231735229492,-0.5134046077728271,-0.5611605644226074,-0.632706880569458,-0.632706880569458,-0.632706880569458,-0.632706880569458,-0.632706880569458,-0.632706880569458,-0.632706880569458,-0.632706880569458,-0.632706880569458,-0.632706880569458,-0.632706880569458,-0.632706880569458,-0.632706880569458,-0.632706880569458,
48029,-1.857024073600769,-2.091470956802368,-2.20766282081604,-2.20766282081604,-2.219672918319702,-2.2545182704925537,-2.2545182704925537,-2.2545182704925537,-2.2545182704925537,-2.2545182704925537,-2.2545182704925537,-2.2545182704925537,-2.2545182704925537,-2.2545182704925537,-2.403779983520508,-2.4224696159362793,-2.4242031574249268,-2.4242031574249268,-2.4242031574249268,
48700,1.6393623352050781,1.6238856315612793,1.187185287475586,1.0076475143432617,0.8714354038238525,0.7977080345153809,0.7936215400695801,0.7936215400695801,0.7936215400695801,0.7936215400695801,0.7936215400695801,0.7936215400695801,0.7936215400695801,0.6808254718780518,0.6465756893157959,0.6438534259796143,0.6438534259796143,0.6438534259796143,0.6438534259796143,
49015,-0.29535770416259766,-0.9952969551086426,-1.2029643058776855,-1.2722463607788086,-1.3255678415298462,-1.5044081211090088,-1.509739637374878,-1.6116317510604858,-1.684670329093933,-1.686758041381836,-1.7132772207260132,-2.0102298259735107,-2.017406463623047,-2.017406463623047,-2.017406463623047,-2.017406463623047,-2.017406463623047,-2.017406463623047,-2.017406463623047,
49656,1.742842197418213,1.6296544075012207,1.4203505516052246,1.330066204071045,1.318232536315918,1.1673779487609863,1.1564183235168457,1.1564183235168457,1.1564183235168457,1.1564183235168457,1.1564183235168457,1.1564183235168457,1.1564183235168457,1.1564183235168457,1.1564183235168457,1.1564183235168457,1.1564183235168457,1.1564183235168457,1.1564183235168457,
