343,-1.016925573348999,-1.1247361898422241,-1.1374338865280151,-1.3040636777877808,-1.4137427806854248,-1.6591675281524658,-1.9138625860214233,-1.915722370147705,-1.915722370147705,-1.915722370147705,-2.1965558528900146,-2.2365188598632812,-2.2365188598632812,-2.2365188598632812,-2.2365188598632812,-2.2365188598632812,-2.2365188598632812,-2.2365188598632812,-2.2365188598632812,
619,0.3263370990753174,0.19914031028747559,0.17180180549621582,0.10209989547729492,-0.005189657211303711,-0.02899336814880371,-0.24945759773254395,-0.2558577060699463,-0.2558577060699463,-0.2558577060699463,-0.2558577060699463,-0.2558577060699463,-0.2558577060699463,-0.41474175453186035,-0.4218885898590088,-0.4218885898590088,-0.4218885898590088,-0.4218885898590088,-0.4218885898590088,
1307,-2.424987316131592,-2.561784267425537,-2.6514840126037598,-2.664076089859009,-2.7146873474121094,-2.8430140018463135,-2.873314380645752,-2.8760716915130615,-2.8760716915130615,-2.8760716915130615,-2.9403581619262695,-2.9562041759490967,-2.9562041759490967,-2.9562041759490967,-2.9562041759490967,-2.9562041759490967,-2.9562041759490967,-2.9562041759490967,-2.9562041759490967,
1690,-2.06534481048584,-2.2099556922912598,-2.867295026779175,-3.0007307529449463,-3.045474052429199,-3.1427886486053467,-3.534876585006714,-3.6259984970092773,-3.6259984970092773,-3.6259984970092773,-3.6259984970092773,-3.6259984970092773,-3.6259984970092773,-3.6259984970092773,-3.6259984970092773,-3.6259984970092773,-3.6259984970092773,-3.6259984970092773,-3.6259984970092773,
2033,-3.280398368835449,-3.4848647117614746,-4.002481937408447,-4.002481937408447,-4.0991129875183105,-4.251579761505127,-4.254009246826172,-4.254009246826172,-4.254009246826172,-4.254009246826172,-4.254009246826172,-4.254009246826172,-4.254009246826172,-4.254009246826172,-4.254009246826172,-4.254009246826172,-4.254009246826172,-4.254009246826172,-4.254009246826172,
2943,-3.7373411655426025,-3.7373411655426025,-3.872633457183838,-3.9233734607696533,-3.983520030975342,-4.278153419494629,-4.29072904586792,-4.29072904586792,-4.29072904586792,-4.29072904586792,-4.29072904586792,-4.546867847442627,-4.562960147857666,-4.562960147857666,-4.562960147857666,-4.562960147857666,-4.562960147857666,-4.562960147857666,-4.562960147857666,
3500,1.4541637897491455,1.2170512676239014,1.1898605823516846,0.9927775859832764,0.8455054759979248,0.791039228439331,0.789475679397583,0.789475679397583,0.789475679397583,0.789475679397583,0.789475679397583,0.789475679397583,0.789475679397583,0.789475679397583,0.789475679397583,0.789475679397583,0.789475679397583,0.789475679397583,0.789475679397583,
3867,-2.0976181030273438,-2.0976181030273438,-2.215406894683838,-2.227673053741455,-2.2674267292022705,-2.476344108581543,-2.551159620285034,-2.551159620285034,-2.551159620285034,-2.551159620285034,-2.551159620285034,-2.551159620285034,-2.551159620285034,-2.551159620285034,-2.551159620285034,-2.551159620285034,-2.551159620285034,-2.551159620285034,-2.551159620285034,
4126,-1.0861730575561523,-1.1883094310760498,-1.2389845848083496,-1.2998912334442139,-1.3295254707336426,-1.731180191040039,-1.7959824800491333,-1.7968682050704956,-1.7968682050704956,-1.7968682050704956,-1.7968682050704956,-1.7968682050704956,-1.7968682050704956,-1.7968682050704956,-1.7968682050704956,-1.7968682050704956,-1.7968682050704956,-1.7968682050704956,-1.7968682050704956,
4992,-4.780608177185059,-5.098893165588379,-5.149259090423584,-5.252241134643555,-5.275157928466797,-5.326813220977783,-5.326813220977783,-5.326813220977783,-5.326813220977783,-5.326813220977783,-5.343127727508545,-5.343127727508545,-5.343127727508545,-5.343127727508545,-5.343127727508545,-5.343127727508545,-5.343127727508545,-5.343127727508545,-5.343127727508545,
5162,-5.098955154418945,-5.541350364685059,-5.614496231079102,-5.718512535095215,-5.879690647125244,-6.341248989105225,-6.365227222442627,-6.366534233093262,-6.366534233093262,-6.366534233093262,-6.366534233093262,-6.366534233093262,-6.367430686950684,-6.367430686950684,-6.367430686950684,-6.367430686950684,-6.367430686950684,-6.367430686950684,-6.367430686950684,
5869,0.736635684967041,0.624305248260498,0.624305248260498,0.6144146919250488,0.5282418727874756,0.40789127349853516,0.39459729194641113,-0.04882407188415527,-0.09749770164489746,-0.09749770164489746,-0.09749770164489746,-0.09749770164489746,-0.09749770164489746,-0.09749770164489746,-0.09749770164489746,-0.09749770164489746,-0.09749770164489746,-0.09749770164489746,-0.09749770164489746,
6200,-2.732617139816284,-2.732617139816284,-2.7804934978485107,-2.7804934978485107,-2.8970236778259277,-3.265707015991211,-3.5452065467834473,-3.5530200004577637,-3.5530200004577637,-3.5530200004577637,-3.554018259048462,-3.554018259048462,-3.575601100921631,-3.6202900409698486,-3.6207237243652344,-3.6207237243652344,-3.6207237243652344,-3.6207237243652344,-3.6207237243652344,
6827,2.762718915939331,2.3042094707489014,2.3042094707489014,2.1370999813079834,2.0297858715057373,1.2014310359954834,1.0253493785858154,1.0142948627471924,1.0142948627471924,1.0142948627471924,1.0142948627471924,1.0142948627471924,1.0142948627471924,1.0142948627471924,1.0142948627471924,1.0142948627471924,1.0142948627471924,1.0142948627471924,1.0142948627471924,
7210,3.197417736053467,2.849475383758545,2.849475383758545,2.782632827758789,2.6718549728393555,2.3702406883239746,2.252263069152832,2.244022846221924,2.244022846221924,2.244022846221924,2.1058292388916016,2.028151512145996,2.0203194618225098,2.0203194618225098,2.0203194618225098,2.0203194618225098,2.0203194618225098,2.0203194618225098,2.0203194618225098,
7592,-3.340179920196533,-3.428025484085083,-3.48087477684021,-3.5160701274871826,-3.5167102813720703,-3.6483304500579834,-3.7096338272094727,-3.887354612350464,-3.8951120376586914,-3.8951120376586914,-3.8951120376586914,-3.8951120376586914,-3.8951120376586914,-3.9224183559417725,-3.9329755306243896,-3.933739423751831,-3.933739423751831,-3.933739423751831,-3.933739423751831,
8300,-0.26871490478515625,-0.3791060447692871,-0.3872716426849365,-0.45090723037719727,-0.7787282466888428,-0.9516434669494629,-1.042720079421997,-1.058868408203125,-1.1310443878173828,-1.1358346939086914,-1.1358346939086914,-1.1358346939086914,-1.1358346939086914,-1.1358346939086914,-1.1358346939086914,-1.1358346939086914,-1.187164068222046,-1.214207649230957,-1.2179651260375977,
8510,-1.0940485000610352,-1.1299161911010742,-1.1299161911010742,-1.284535527229309,-1.617340087890625,-1.8533740043640137,-1.8572561740875244,-1.8572561740875244,-1.8572561740875244,-1.8572561740875244,-1.8572561740875244,-1.8572561740875244,-1.8572561740875244,-1.8572561740875244,-1.8572561740875244,-1.8572561740875244,-1.8572561740875244,-1.8572561740875244,-1.8572561740875244,
9336,0.40092992782592773,0.3860011100769043,0.35706377029418945,0.3295891284942627,0.1849367618560791,0.14224553108215332,0.13422322273254395,0.13422322273254395,0.13422322273254395,0.13422322273254395,0.13422322273254395,0.13422322273254395,0.13422322273254395,0.13422322273254395,0.13422322273254395,0.13422322273254395,-0.02278447151184082,-0.0352177619934082,-0.0352177619934082,
9753,-0.22339081764221191,-0.22339081764221191,-0.2517402172088623,-0.27303147315979004,-0.468369722366333,-0.5247297286987305,-0.5247583389282227,-0.5269627571105957,-0.5269627571105957,-0.5269627571105957,-0.5269627571105957,-0.5269627571105957,-0.5856878757476807,-0.614642858505249,-0.616868257522583,-0.616868257522583,-0.616868257522583,-0.616868257522583,-0.616868257522583,
10390,-0.6767709255218506,-1.1195769309997559,-1.1195769309997559,-1.2505347728729248,-1.4905002117156982,-1.7430897951126099,-1.9145023822784424,-1.9205608367919922,-1.9205608367919922,-1.9205608367919922,-1.9205608367919922,-1.9205608367919922,-1.9205608367919922,-1.9205608367919922,-1.9205608367919922,-1.9205608367919922,-1.9205608367919922,-1.9205608367919922,-1.9205608367919922,
10760,-2.286332607269287,-3.0348293781280518,-3.610532760620117,-3.642695188522339,-3.7199881076812744,-3.7846322059631348,-3.787961483001709,-3.9360969066619873,-3.9471755027770996,-3.9471755027770996,-3.9471755027770996,-3.9471755027770996,-3.9471755027770996,-3.9471755027770996,-3.9471755027770996,-3.9471755027770996,-3.9511218070983887,-3.962449550628662,-3.962449550628662,
11202,-1.6628329753875732,-1.8818092346191406,-1.9199166297912598,-2.1175405979156494,-2.2535133361816406,-2.4049723148345947,-2.4137697219848633,-2.5056557655334473,-2.5196609497070312,-2.5196609497070312,-2.5196609497070312,-2.5196609497070312,-2.5196609497070312,-2.5196609497070312,-2.5904548168182373,-2.606043815612793,-2.606043815612793,-2.606043815612793,-2.606043815612793,
11954,-2.504106044769287,-2.5077054500579834,-2.5077054500579834,-2.57452654838562,-2.7262332439422607,-2.905956268310547,-2.9131650924682617,-2.9131650924682617,-2.9131650924682617,-2.9131650924682617,-2.9131650924682617,-2.9131650924682617,-2.9131650924682617,-2.9131650924682617,-2.9131650924682617,-2.9131650924682617,-3.054002046585083,-3.066157341003418,-3.0664939880371094,
12500,-5.46457576751709,-5.612653732299805,-5.7915873527526855,-5.797606468200684,-6.0477824211120605,-6.088589191436768,-6.088589191436768,-6.088589191436768,-6.088589191436768,-6.088589191436768,-6.088589191436768,-6.088589191436768,-6.088589191436768,-6.088589191436768,-6.24114465713501,-6.462435722351074,-6.477446556091309,-6.477446556091309,-6.477446556091309,
12713,-1.3197522163391113,-1.3298931121826172,-1.6081624031066895,-1.8131422996520996,-1.9173331260681152,-2.029193639755249,-2.217780590057373,-2.261744976043701,-2.2621376514434814,-2.2621376514434814,-2.2621376514434814,-2.2621376514434814,-2.2621376514434814,-2.2621376514434814,-2.2621376514434814,-2.2621376514434814,-2.2621376514434814,-2.2621376514434814,-2.2621376514434814,
13135,1.8371648788452148,1.7029013633728027,1.2526812553405762,1.0504183769226074,0.9739303588867188,0.7753839492797852,0.7708063125610352,0.7708063125610352,0.7708063125610352,0.7708063125610352,0.7708063125610352,0.7708063125610352,0.7708063125610352,0.7708063125610352,0.7708063125610352,0.7708063125610352,0.7708063125610352,0.7708063125610352,0.7708063125610352,
13829,-0.3549480438232422,-0.3549480438232422,-0.45871448516845703,-0.5763261318206787,-0.6183409690856934,-0.8306920528411865,-0.8364181518554688,-0.9633913040161133,-0.9989597797393799,-0.9989597797393799,-0.9989597797393799,-0.9989597797393799,-0.9989597797393799,-0.9989597797393799,-0.9989597797393799,-0.9989597797393799,-0.9989597797393799,-0.9989597797393799,-0.9989597797393799,
14176,1.1127822399139404,0.9218924045562744,0.7973041534423828,0.764183759689331,0.7530627250671387,0.5957398414611816,0.5894098281860352,0.5894098281860352,0.5894098281860352,0.5894098281860352,0.5894098281860352,0.5894098281860352,0.5894098281860352,0.5894098281860352,0.5894098281860352,0.5894098281860352,0.5894098281860352,0.5894098281860352,0.5388858318328857,
14879,-3.8738880157470703,-4.7804059982299805,-5.1626152992248535,-5.175933837890625,-5.324380874633789,-5.536906719207764,-5.681621074676514,-5.887741565704346,-6.25639533996582,-6.260989189147949,-6.260989189147949,-6.260989189147949,-6.260989189147949,-6.260989189147949,-6.260989189147949,-6.260989189147949,-6.260989189147949,-6.260989189147949,-6.260989189147949,
15149,1.3876829147338867,1.0059356689453125,1.0059356689453125,0.6790475845336914,0.5717229843139648,0.3382291793823242,0.33231067657470703,0.21365928649902344,0.2052602767944336,0.2052602767944336,0.2052602767944336,0.2052602767944336,0.2052602767944336,0.2052602767944336,0.2052602767944336,0.2052602767944336,0.2052602767944336,0.2052602767944336,0.2052602767944336,
15620,-3.382094144821167,-3.4557039737701416,-3.4955668449401855,-3.553875684738159,-3.55879545211792,-3.573739767074585,-3.573739767074585,-3.573739767074585,-3.573739767074585,-3.5739450454711914,-3.5739450454711914,-3.5739450454711914,-3.5739450454711914,-3.5739450454711914,-3.5739450454711914,-3.5739450454711914,-3.5739450454711914,-3.5739450454711914,-3.5739450454711914,
16098,-0.5391273498535156,-0.7844479084014893,-0.901167631149292,-1.0728745460510254,-1.1045048236846924,-1.532245397567749,-2.1068243980407715,-2.115675449371338,-2.115675449371338,-2.115675449371338,-2.115675449371338,-2.115675449371338,-2.115675449371338,-2.115675449371338,-2.115675449371338,-2.115675449371338,-2.115675449371338,-2.115675449371338,-2.115675449371338,
16994,-2.165181875228882,-2.355379581451416,-3.257746934890747,-3.6103262901306152,-4.0749006271362305,-4.391417503356934,-4.4005045890808105,-4.400947093963623,-4.400947093963623,-4.400947093963623,-4.400947093963623,-4.400947093963623,-4.400947093963623,-4.400947093963623,-4.400947093963623,-4.400947093963623,-4.400947093963623,-4.400947093963623,-4.400947093963623,
17485,-2.084300994873047,-2.2447128295898438,-2.2765111923217773,-2.375349760055542,-2.375349760055542,-2.3943369388580322,-2.3951854705810547,-2.3951854705810547,-2.3951854705810547,-2.3951854705810547,-2.3951854705810547,-2.3951854705810547,-2.4897680282592773,-2.494473934173584,-2.494473934173584,-2.494473934173584,-2.494473934173584,-2.494473934173584,-2.494473934173584,
17950,-1.6502012014389038,-1.6593284606933594,-1.9695773124694824,-2.085610866546631,-2.104006290435791,-2.182321548461914,-2.1827802658081055,-2.1827802658081055,-2.1827802658081055,-2.1827802658081055,-2.1827802658081055,-2.1827802658081055,-2.1827802658081055,-2.1827802658081055,-2.1827802658081055,-2.1827802658081055,-2.1827802658081055,-2.1827802658081055,-2.1827802658081055,
18020,-3.374143362045288,-3.374143362045288,-3.5196309089660645,-3.641993761062622,-3.6424736976623535,-3.662097454071045,-3.662097454071045,-3.662097454071045,-3.662097454071045,-3.662097454071045,-3.662097454071045,-3.662097454071045,-3.662097454071045,-3.662097454071045,-3.662097454071045,-3.662097454071045,-3.662097454071045,-3.662097454071045,-3.662097454071045,
18505,-2.6194281578063965,-2.6194281578063965,-2.6885299682617188,-2.743518590927124,-2.743518590927124,-2.850085735321045,-2.850085735321045,-2.850085735321045,-2.981729745864868,-2.986907958984375,-2.986907958984375,-2.986907958984375,-2.986907958984375,-2.986907958984375,-2.986907958984375,-2.986907958984375,-2.986907958984375,-2.986907958984375,-2.986907958984375,
19317,-4.401934623718262,-4.401934623718262,-4.5873894691467285,-4.5873894691467285,-4.778861045837402,-4.888559818267822,-4.891058444976807,-4.891058444976807,-4.891058444976807,-4.891058444976807,-4.891058444976807,-4.891058444976807,-4.891058444976807,-4.891058444976807,-4.891058444976807,-4.891058444976807,-4.891058444976807,-5.04521369934082,-5.0533952713012695,
19536,-4.791635990142822,-5.414102554321289,-5.932062149047852,-5.932062149047852,-6.014151096343994,-6.107327938079834,-6.111052513122559,-6.111052513122559,-6.156101226806641,-6.162702560424805,-6.164738655090332,-6.164738655090332,-6.164738655090332,-6.164738655090332,-6.164738655090332,-6.164738655090332,-6.164738655090332,-6.182899475097656,-6.246949672698975,
20065,0.678398609161377,0.31679773330688477,0.29981327056884766,0.29981327056884766,-0.006960391998291016,-0.5248963832855225,-1.0403594970703125,-1.1672990322113037,-1.171785593032837,-1.171785593032837,-1.171785593032837,-1.171785593032837,-1.171785593032837,-1.171785593032837,-1.171785593032837,-1.171785593032837,-1.171785593032837,-1.171785593032837,-1.171785593032837,
20832,-0.9466361999511719,-1.1045746803283691,-1.5669965744018555,-1.5870919227600098,-1.6387407779693604,-1.9775354862213135,-2.031033754348755,-2.031033754348755,-2.031033754348755,-2.436882495880127,-2.444131374359131,-2.4480557441711426,-2.4480557441711426,-2.4480557441711426,-2.4480557441711426,-2.4480557441711426,-2.4480557441711426,-2.4480557441711426,-2.4480557441711426,
21246,-3.9138686656951904,-3.9356260299682617,-4.51107120513916,-4.563918113708496,-4.563918113708496,-4.939497947692871,-4.959107398986816,-4.959107398986816,-4.959107398986816,-4.959107398986816,-4.959107398986816,-4.959107398986816,-4.959107398986816,-4.959107398986816,-4.959107398986816,-4.959107398986816,-4.959107398986816,-4.959107398986816,-4.959107398986816,
21925,-2.017690658569336,-2.017690658569336,-2.4367332458496094,-2.4367332458496094,-2.517449140548706,-2.549259901046753,-3.21915864944458,-3.3895583152770996,-3.3947136402130127,-3.3947136402130127,-3.3947136402130127,-3.3947136402130127,-3.3947136402130127,-3.3947136402130127,-3.3947136402130127,-3.3947136402130127,-3.3947136402130127,-3.3947136402130127,-3.3947136402130127,
22487,-3.230552911758423,-3.602544069290161,-4.0664472579956055,-4.097840309143066,-4.2819647789001465,-4.761011600494385,-4.766973495483398,-4.766973495483398,-4.766973495483398,-4.766973495483398,-4.766973495483398,-4.766973495483398,-4.766973495483398,-4.766973495483398,-4.766973495483398,-4.945919990539551,-4.974459171295166,-4.975943088531494,-4.975943088531494,
22748,1.3370747566223145,1.332132339477539,0.614837646484375,0.526402473449707,0.4438810348510742,0.21527385711669922,0.19590520858764648,0.19590520858764648,0.19590520858764648,0.19590520858764648,0.09026885032653809,-0.5217227935791016,-0.536064863204956,-0.536064863204956,-0.536064863204956,-0.5413668155670166,-0.5413668155670166,-0.5413668155670166,-0.5413668155670166,
23489,-2.493790626525879,-2.931896686553955,-2.9319801330566406,-2.972242593765259,-3.0172324180603027,-3.281780958175659,-3.304619789123535,-3.305323839187622,-3.6171841621398926,-3.759401559829712,-3.842006206512451,-3.912632942199707,-3.913174629211426,-3.913174629211426,-3.913174629211426,-3.913174629211426,-3.913174629211426,-3.913174629211426,-3.913174629211426,
23572,-6.574590682983398,-6.644233703613281,-6.719764232635498,-6.89088249206543,-7.031247138977051,-7.09964656829834,-7.146880626678467,-7.169116973876953,-7.172297954559326,-7.370627403259277,-7.41406774520874,-7.414434432983398,-7.414434432983398,-7.414434432983398,-7.414434432983398,-7.414434432983398,-7.414434432983398,-7.414434432983398,-7.414434432983398,
24374,-1.34433913230896,-2.004979372024536,-2.0369503498077393,-2.1581363677978516,-2.3188869953155518,-2.457418441772461,-2.4776575565338135,-2.4788269996643066,-2.4788269996643066,-2.4788269996643066,-2.4788269996643066,-2.4788269996643066,-2.4788269996643066,-2.4788269996643066,-2.4788269996643066,-2.598243236541748,-2.6046833992004395,-2.6046833992004395,-2.6343882083892822,
24724,-2.0875959396362305,-2.137185573577881,-2.197266101837158,-2.309363842010498,-2.42533016204834,-2.7734484672546387,-2.785245180130005,-2.785245180130005,-2.785245180130005,-2.785245180130005,-3.007683277130127,-3.1271140575408936,-3.133350372314453,-3.133350372314453,-3.133350372314453,-3.133350372314453,-3.133350372314453,-3.133350372314453,-3.133350372314453,
25083,-2.6338281631469727,-2.69061279296875,-2.9241816997528076,-3.606832504272461,-3.606832504272461,-3.6656103134155273,-3.6656103134155273,-3.6656103134155273,-3.6656103134155273,-3.6656103134155273,-3.6656103134155273,-3.6656103134155273,-3.6656103134155273,-3.6656103134155273,-3.6656103134155273,-3.6656103134155273,-3.6656103134155273,-3.6656103134155273,-3.6656103134155273,
25508,-2.5377213954925537,-2.808156967163086,-2.808156967163086,-3.0324342250823975,-3.0982396602630615,-3.181361675262451,-3.185141086578369,-3.5665414333343506,-3.8221240043640137,-3.85282301902771,-3.8541054725646973,-3.8541054725646973,-3.8541054725646973,-3.8541054725646973,-3.8541054725646973,-3.8541054725646973,-3.8541054725646973,-3.8541054725646973,-3.8541054725646973,
26094,-2.8150110244750977,-3.115290641784668,-3.5184576511383057,-3.5184576511383057,-3.6498982906341553,-4.047073841094971,-4.047073841094971,-4.047073841094971,-4.047073841094971,-4.199631214141846,-4.235187530517578,-4.236588001251221,-4.236588001251221,-4.236588001251221,-4.236588001251221,-4.236588001251221,-4.236588001251221,-4.236588001251221,-4.236588001251221,
26594,-5.361326217651367,-6.280732154846191,-6.896956443786621,-6.896956443786621,-6.961743354797363,-7.033855438232422,-7.035985946655273,-7.149881839752197,-7.22001838684082,-7.2230329513549805,-7.2230329513549805,-7.2230329513549805,-7.2230329513549805,-7.2230329513549805,-7.2230329513549805,-7.2230329513549805,-7.2230329513549805,-7.2230329513549805,-7.2230329513549805,
27274,-5.25129508972168,-5.277813911437988,-5.958637237548828,-6.07676887512207,-6.126392364501953,-6.277313232421875,-6.280714988708496,-6.280714988708496,-6.280714988708496,-6.28156042098999,-6.3672075271606445,-6.570869445800781,-6.572964668273926,-6.573991298675537,-6.573991298675537,-6.573991298675537,-6.573991298675537,-6.573991298675537,-6.573991298675537,
27751,-5.160731792449951,-5.350113391876221,-5.439854145050049,-5.689085960388184,-5.720672607421875,-5.8346028327941895,-5.893139362335205,-5.944273471832275,-5.94547176361084,-5.94547176361084,-5.94547176361084,-5.94547176361084,-5.968513011932373,-6.077682018280029,-6.077682018280029,-6.077682018280029,-6.077682018280029,-6.077682018280029,-6.077682018280029,
28308,3.1221835613250732,2.7294719219207764,2.6312568187713623,2.4814059734344482,2.2785909175872803,1.901545763015747,1.893343210220337,1.893343210220337,1.893343210220337,1.893343210220337,1.8462498188018799,1.4002478122711182,1.3837931156158447,1.382622480392456,1.382622480392456,1.382622480392456,1.382622480392456,1.382622480392456,1.382622480392456,
28945,-3.6145427227020264,-3.6335806846618652,-3.645657539367676,-3.7063181400299072,-3.797834873199463,-3.9856934547424316,-4.064141273498535,-4.0645928382873535,-4.0645928382873535,-4.0645928382873535,-4.16202449798584,-4.1732330322265625,-4.174890518188477,-4.174890518188477,-4.174890518188477,-4.174890518188477,-4.174890518188477,-4.174890518188477,-4.174890518188477,
29272,-5.6239013671875,-5.772381782531738,-6.062474250793457,-6.161920547485352,-6.298449516296387,-6.542164325714111,-6.623517990112305,-6.759716033935547,-6.801752090454102,-6.802789211273193,-6.802789211273193,-6.802789211273193,-6.802789211273193,-6.802789211273193,-6.802789211273193,-6.802789211273193,-6.802789211273193,-6.802789211273193,-6.802789211273193,
29995,2.6339762210845947,2.248581647872925,2.1855170726776123,2.1567189693450928,2.051917314529419,1.976710557937622,1.876833200454712,1.862123727798462,1.862123727798462,1.862123727798462,1.862123727798462,1.862123727798462,1.862123727798462,1.862123727798462,1.862123727798462,1.862123727798462,1.862123727798462,1.862123727798462,1.862123727798462,
30252,-1.7779101133346558,-2.1025235652923584,-2.2956979274749756,-2.3116567134857178,-2.442169666290283,-2.6747453212738037,-2.6801412105560303,-2.6801412105560303,-2.6801412105560303,-2.6801412105560303,-2.6801412105560303,-2.6801412105560303,-2.6801412105560303,-2.6801412105560303,-2.6801412105560303,-2.6801412105560303,-2.6801412105560303,-2.6801412105560303,-2.6801412105560303,
30895,-2.133207321166992,-2.270176649093628,-2.333588123321533,-2.4146227836608887,-2.476715326309204,-2.7975802421569824,-2.906674861907959,-2.9299778938293457,-3.057041645050049,-3.057041645050049,-3.057041645050049,-3.057041645050049,-3.057041645050049,-3.057041645050049,-3.057041645050049,-3.057041645050049,-3.057041645050049,-3.057041645050049,-3.057041645050049,
31211,-2.161649703979492,-2.6249570846557617,-2.6673882007598877,-2.693084478378296,-2.7207484245300293,-2.7988901138305664,-2.8918325901031494,-2.893927574157715,-2.893927574157715,-2.893927574157715,-2.893927574157715,-2.893927574157715,-2.893927574157715,-2.893927574157715,-3.062826633453369,-3.0694127082824707,-3.0694127082824707,-3.0694127082824707,-3.0694127082824707,
31555,-3.937114953994751,-3.937114953994751,-4.109882354736328,-4.204129695892334,-4.221254348754883,-4.353682041168213,-4.357209205627441,-4.357209205627441,-4.558772087097168,-4.573996067047119,-4.574269771575928,-4.574269771575928,-4.574269771575928,-4.574269771575928,-4.574269771575928,-4.574269771575928,-4.574269771575928,-4.574269771575928,-4.574269771575928,
32337,1.3729634284973145,-0.28365516662597656,-0.39263081550598145,-0.395766019821167,-0.9195237159729004,-1.4432168006896973,-1.4551770687103271,-1.4551770687103271,-1.4551770687103271,-1.4551770687103271,-1.4551770687103271,-1.4551770687103271,-1.4551770687103271,-1.4551770687103271,-1.4551770687103271,-1.6970396041870117,-1.7212777137756348,-1.7212777137756348,-1.7212777137756348,
32924,0.15443158149719238,0.1318507194519043,0.039595842361450195,-0.24184775352478027,-0.40326452255249023,-0.963573694229126,-1.0223619937896729,-1.023559331893921,-1.023559331893921,-1.023559331893921,-1.023559331893921,-1.023559331893921,-1.023559331893921,-1.023559331893921,-1.023559331893921,-1.023559331893921,-1.023559331893921,-1.023559331893921,-1.023559331893921,
33313,-0.9071226119995117,-1.1994562149047852,-1.7109498977661133,-1.7109498977661133,-1.7505719661712646,-1.8964672088623047,-2.0774617195129395,-2.084789276123047,-2.084789276123047,-2.212890625,-2.6074113845825195,-2.628984212875366,-2.628984212875366,-2.628984212875366,-2.628984212875366,-2.629925012588501,-2.629925012588501,-2.629925012588501,-2.629925012588501,
33718,-2.575810432434082,-2.575810432434082,-3.0480027198791504,-3.3568053245544434,-3.54217529296875,-3.7256622314453125,-3.7338314056396484,-3.7338314056396484,-3.7338314056396484,-3.7338314056396484,-3.7338314056396484,-3.7338314056396484,-3.7338314056396484,-3.7338314056396484,-3.7338314056396484,-3.7338314056396484,-3.946499824523926,-3.996673583984375,-4.001021862030029,
34438,1.3814754486083984,1.0400471687316895,0.9711995124816895,0.9711995124816895,0.8917522430419922,0.2408301830291748,0.1880476474761963,0.18769359588623047,0.18346214294433594,0.18346214294433594,0.18346214294433594,0.18346214294433594,0.18346214294433594,0.18346214294433594,0.18346214294433594,0.18346214294433594,0.18346214294433594,0.18346214294433594,0.18346214294433594,
34947,-0.556654691696167,-0.7383646965026855,-1.2643910646438599,-1.3215922117233276,-1.5294023752212524,-1.7900168895721436,-1.7944244146347046,-1.7944244146347046,-1.7944244146347046,-1.7944244146347046,-1.7944244146347046,-1.7944244146347046,-1.7944244146347046,-1.7944244146347046,-1.7944244146347046,-1.7944244146347046,-1.7944244146347046,-1.7944244146347046,-1.7944244146347046,
35214,-2.0332188606262207,-3.004136323928833,-3.4306697845458984,-3.61586332321167,-4.222869873046875,-4.396028995513916,-4.400157928466797,-4.400157928466797,-4.400157928466797,-4.400157928466797,-4.400157928466797,-4.400157928466797,-4.400157928466797,-4.400157928466797,-4.400157928466797,-4.400157928466797,-4.400157928466797,-4.400157928466797,-4.400157928466797,
35730,4.157495975494385,4.054710865020752,3.8661680221557617,3.8403310775756836,3.803171157836914,3.392444133758545,3.3865890502929688,3.2077083587646484,3.1537909507751465,3.14365291595459,3.14365291595459,3.14365291595459,3.14365291595459,3.14365291595459,3.14365291595459,3.14365291595459,3.14365291595459,3.14365291595459,3.14365291595459,
36322,1.2156453132629395,0.16276121139526367,0.12070417404174805,-0.4109172821044922,-0.4109172821044922,-0.6849772930145264,-0.6975226402282715,-0.6975226402282715,-0.6975226402282715,-0.6975226402282715,-0.6975226402282715,-0.6975226402282715,-0.7151439189910889,-0.8232364654541016,-0.8319356441497803,-0.8319356441497803,-0.8319356441497803,-0.8319356441497803,-0.8319356441497803,
36650,-3.3963546752929688,-3.4747390747070312,-3.7799811363220215,-3.8536410331726074,-3.9075911045074463,-4.12122106552124,-4.130047798156738,-4.130047798156738,-4.130047798156738,-4.130047798156738,-4.130047798156738,-4.130047798156738,-4.229747295379639,-4.251258850097656,-4.2530364990234375,-4.2530364990234375,-4.305076599121094,-4.4145636558532715,-4.415010929107666,
37116,-3.408780336380005,-3.667401075363159,-3.9648795127868652,-4.078340530395508,-4.269266128540039,-4.713788032531738,-4.743237018585205,-4.746679782867432,-4.746679782867432,-4.746679782867432,-4.746679782867432,-4.746679782867432,-4.842942237854004,-4.86793851852417,-4.870560646057129,-4.870560646057129,-4.870560646057129,-4.870560646057129,-4.870560646057129,
37969,-1.5370328426361084,-2.1348774433135986,-2.4352169036865234,-3.2329964637756348,-3.2421071529388428,-3.451284646987915,-3.4702999591827393,-3.4702999591827393,-3.4702999591827393,-3.4702999591827393,-3.4702999591827393,-3.4702999591827393,-3.4702999591827393,-3.4702999591827393,-3.4702999591827393,-3.5994622707366943,-3.6034090518951416,-3.6034090518951416,-3.6034090518951416,
38378,-1.3236838579177856,-1.8590222597122192,-1.9230692386627197,-1.9230692386627197,-2.0739784240722656,-2.915963649749756,-3.0357775688171387,-3.0360894203186035,-3.0360894203186035,-3.0360894203186035,-3.0360894203186035,-3.0360894203186035,-3.0360894203186035,-3.0360894203186035,-3.0360894203186035,-3.0360894203186035,-3.0360894203186035,-3.0360894203186035,-3.0360894203186035,
38888,-1.0231378078460693,-1.0231378078460693,-1.0910027027130127,-1.2096707820892334,-1.3382821083068848,-1.4037938117980957,-1.4090492725372314,-1.7851250171661377,-1.8129541873931885,-1.8139243125915527,-1.8139243125915527,-1.8139243125915527,-1.8139243125915527,-1.8139243125915527,-1.8139243125915527,-1.8139243125915527,-1.8139243125915527,-1.8139243125915527,-1.8139243125915527,
39104,-1.8552194833755493,-1.961005449295044,-2.0148024559020996,-2.0277163982391357,-2.143219470977783,-2.32442569732666,-2.417165756225586,-2.4242429733276367,-2.4242429733276367,-2.4242429733276367,-2.4242429733276367,-2.501039505004883,-2.5151894092559814,-2.5152344703674316,-2.5152344703674316,-2.5152344703674316,-2.5171616077423096,-2.5171616077423096,-2.5171616077423096,
39925,1.5229682922363281,1.5104951858520508,1.010655403137207,0.6195976734161377,0.5676181316375732,0.3913116455078125,0.3913116455078125,0.3913116455078125,0.366194486618042,0.14582371711730957,0.13968873023986816,0.13968873023986816,0.13968873023986816,0.13968873023986816,0.13968873023986816,0.13968873023986816,0.13968873023986816,0.13968873023986816,0.13968873023986816,
40222,-3.9260377883911133,-4.000374794006348,-4.035468101501465,-4.361612796783447,-4.361612796783447,-4.3680572509765625,-4.3680572509765625,-4.3680572509765625,-4.3680572509765625,-4.553205490112305,-4.638184070587158,-4.6413397789001465,-4.6413397789001465,-4.6413397789001465,-4.6413397789001465,-4.6413397789001465,-4.6413397789001465,-4.6413397789001465,-4.6413397789001465,
40934,-4.5127081871032715,-4.541732311248779,-4.895205020904541,-4.936653137207031,-5.014528274536133,-5.236508369445801,-5.237228870391846,-5.237228870391846,-5.467093467712402,-5.55882453918457,-5.571311950683594,-5.571311950683594,-5.571311950683594,-5.571311950683594,-5.571311950683594,-5.571311950683594,-5.571311950683594,-5.571311950683594,-5.57192850112915,
41110,1.510911464691162,0.975257396697998,0.8839626312255859,0.8688745498657227,0.8070101737976074,0.6642060279846191,0.6628880500793457,0.6628880500793457,0.6628880500793457,0.6616077423095703,0.6616077423095703,0.6616077423095703,0.6616077423095703,0.6616077423095703,0.6616077423095703,0.6616077423095703,0.6616077423095703,0.6616077423095703,0.6616077423095703,
41918,-4.284424781799316,-4.404486656188965,-4.473505020141602,-4.573585033416748,-4.573585033416748,-4.774364471435547,-4.778034687042236,-4.953398704528809,-4.955677032470703,-4.955677032470703,-4.955677032470703,-4.955677032470703,-4.955677032470703,-4.955677032470703,-4.955677032470703,-4.955677032470703,-4.955677032470703,-4.955677032470703,-4.955677032470703,
42257,-3.7496566772460938,-4.249940872192383,-4.374814033508301,-4.556490421295166,-4.604618072509766,-4.955035209655762,-4.966772079467773,-4.966772079467773,-4.966772079467773,-5.143054008483887,-5.1722517013549805,-5.173724174499512,-5.173724174499512,-5.173724174499512,-5.173724174499512,-5.173724174499512,-5.173724174499512,-5.173724174499512,-5.174192428588867,
42554,-3.8418056964874268,-3.90567684173584,-4.364091396331787,-4.571480751037598,-5.02597188949585,-5.141656875610352,-5.14689826965332,-5.152839660644531,-5.152839660644531,-5.42968225479126,-5.455835342407227,-5.458247184753418,-5.458247184753418,-5.458247184753418,-5.458247184753418,-5.458247184753418,-5.458247184753418,-5.458247184753418,-5.458247184753418,
43147,-1.8031091690063477,-1.8290131092071533,-2.6492557525634766,-2.746438980102539,-2.931149959564209,-2.993007183074951,-3.0019211769104004,-3.3043432235717773,-3.3173325061798096,-3.3173325061798096,-3.3173325061798096,-3.3173325061798096,-3.3173325061798096,-3.3173325061798096,-3.3173325061798096,-3.3173325061798096,-3.3173325061798096,-3.3173325061798096,-3.3173325061798096,
43947,-2.9037694931030273,-3.281068801879883,-3.587857961654663,-3.587857961654663,-3.654582977294922,-3.803065538406372,-3.8200221061706543,-3.8200221061706543,-3.8200221061706543,-3.8200221061706543,-3.8200221061706543,-3.8200221061706543,-3.8200221061706543,-3.8200221061706543,-3.8200221061706543,-3.8200221061706543,-3.8200221061706543,-3.8200221061706543,-3.8200221061706543,
44042,1.1556992530822754,0.34799933433532715,0.34799933433532715,0.017871856689453125,0.0030918121337890625,-0.08986926078796387,-0.09287309646606445,-0.14752697944641113,-0.2062373161315918,-0.25367021560668945,-0.25367021560668945,-0.25367021560668945,-0.25367021560668945,-0.25367021560668945,-0.25367021560668945,-0.25367021560668945,-0.25367021560668945,-0.25367021560668945,-0.25367021560668945,
44755,-0.5058095455169678,-0.9209593534469604,-0.9552502632141113,-1.0183918476104736,-1.0767604112625122,-1.327378749847412,-1.416664481163025,-1.6430249214172363,-1.7515525817871094,-1.7603390216827393,-1.7603390216827393,-1.7603390216827393,-1.7603390216827393,-1.7603390216827393,-1.7603390216827393,-1.7603390216827393,-1.7603390216827393,-1.7603390216827393,-1.7603390216827393,
45394,-3.162590980529785,-3.187847375869751,-3.22054123878479,-3.369657278060913,-3.3714187145233154,-3.6753573417663574,-3.6782429218292236,-3.6782429218292236,-3.6782429218292236,-3.6782429218292236,-3.6782429218292236,-3.6782429218292236,-3.6782429218292236,-3.6782429218292236,-3.6782429218292236,-3.6782429218292236,-3.6782429218292236,-3.6782429218292236,-3.6782429218292236,
45542,-2.4500157833099365,-2.4500157833099365,-2.5739598274230957,-2.5981311798095703,-2.68636417388916,-3.1227529048919678,-3.1365966796875,-3.1365966796875,-3.1365966796875,-3.1365966796875,-3.1365966796875,-3.1365966796875,-3.1365966796875,-3.1365966796875,-3.1365966796875,-3.1365966796875,-3.1365966796875,-3.1365966796875,-3.1365966796875,
46054,-4.6327009201049805,-4.9875030517578125,-5.300804138183594,-5.549920082092285,-5.721888542175293,-6.009491443634033,-6.060988426208496,-6.060988426208496,-6.060988426208496,-6.060988426208496,-6.060988426208496,-6.060988426208496,-6.060988426208496,-6.060988426208496,-6.060988426208496,-6.060988426208496,-6.090345859527588,-6.111001491546631,-6.1139326095581055,
46894,0.616330623626709,0.13761329650878906,0.13761329650878906,0.07634878158569336,0.05873727798461914,0.015009880065917969,0.015009880065917969,0.015009880065917969,-0.14681148529052734,-0.2409968376159668,-0.24581074714660645,-0.24581074714660645,-0.24581074714660645,-0.24581074714660645,-0.24581074714660645,-0.24581074714660645,-0.24581074714660645,-0.24581074714660645,-0.24581074714660645,
47233,0.8201084136962891,0.8201084136962891,0.6816854476928711,0.6350030899047852,0.6045107841491699,0.49793243408203125,0.49431443214416504,0.49431443214416504,0.49431443214416504,0.49431443214416504,0.49431443214416504,0.49431443214416504,0.3737668991088867,0.36830735206604004,0.36830735206604004,0.36830735206604004,0.36830735206604004,0.36830735206604004,0.36830735206604004,
47893,0.8317344188690186,0.20365524291992188,0.025908231735229492,-0.5134899616241455,-0.5611605644226074,-0.632706880569458,-0.632706880569458,-0.632706880569458,-0.632706880569458,-0.632706880569458,-0.632706880569458,-0.632706880569458,-0.632706880569458,-0.632706880569458,-0.632706880569458,-0.632706880569458,-0.632706880569458,-0.632706880569458,-0.632706880569458,
48029,-1.857024073600769,-2.091470956802368,-2.20766282081604,-2.20766282081604,-2.219672918319702,-2.2545182704925537,-2.2545182704925537,-2.2545182704925537,-2.2545182704925537,-2.2545182704925537,-2.2545182704925537,-2.2545182704925537,-2.2545182704925537,-2.2545182704925537,-2.404423475265503,-2.423861503601074,-2.4245550632476807,-2.4245550632476807,-2.4245550632476807,
48700,1.6393623352050781,1.6238856315612793,1.187185287475586,1.0076475143432617,0.8714354038238525,0.7977080345153809,0.7948758602142334,0.7948758602142334,0.7948758602142334,0.7948758602142334,0.7948758602142334,0.7948758602142334,0.7948758602142334,0.6808254718780518,0.6464581489562988,0.6464581489562988,0.6464581489562988,0.6464581489562988,0.6464581489562988,
49015,-0.29535770416259766,-0.9952969551086426,-1.2029643058776855,-1.2722463607788086,-1.3255678415298462,-1.5044081211090088,-1.509739637374878,-1.5243959426879883,-1.6836603879928589,-1.6886334419250488,-1.9365514516830444,-2.014101982116699,-2.0183258056640625,-2.0183258056640625,-2.0183258056640625,-2.0183258056640625,-2.0183258056640625,-2.0183258056640625,-2.0183258056640625,
49656,1.742842197418213,1.6296544075012207,1.4203505516052246,1.330066204071045,1.318232536315918,1.1678104400634766,1.1593565940856934,1.1593565940856934,1.1593565940856934,1.1593565940856934,1.1593565940856934,1.1593565940856934,1.1593565940856934,1.1593565940856934,1.1593565940856934,1.1593565940856934,1.1593565940856934,1.1593565940856934,1.1593565940856934,
