41,3.270881175994873,3.057206153869629,2.899064540863037,2.8138833045959473,2.711521625518799,2.625460624694824,2.6179680824279785,2.6179680824279785,2.6179680824279785,2.212830066680908,2.1951422691345215,2.1929807662963867,2.1929807662963867,2.1929807662963867,2.1929807662963867,2.1929807662963867,2.1929807662963867,2.1929807662963867,2.1929807662963867,
76,3.816321849822998,3.0453643798828125,2.678525447845459,2.0916390419006348,1.90216064453125,1.605595588684082,1.5750212669372559,1.5750212669372559,1.5750212669372559,1.5750212669372559,1.5750212669372559,1.5750212669372559,1.5750212669372559,1.5750212669372559,1.5750212669372559,1.5750212669372559,1.5750212669372559,1.5750212669372559,1.5750212669372559,
144,0.6814353466033936,0.653557538986206,0.3772006034851074,0.17146992683410645,-0.03152346611022949,-0.31237030029296875,-0.33613061904907227,-0.33679866790771484,-0.8490135669708252,-1.054612398147583,-1.0664664506912231,-1.0664664506912231,-1.0664664506912231,-1.0664664506912231,-1.0664664506912231,-1.0664664506912231,-1.0664664506912231,-1.0664664506912231,-1.0664664506912231,
157,0.10337257385253906,0.10337257385253906,-0.04142618179321289,-0.687497615814209,-0.687497615814209,-0.7846086025238037,-0.7872703075408936,-0.7872703075408936,-0.7872703075408936,-0.7872703075408936,-0.7872703075408936,-0.7872703075408936,-0.7872703075408936,-0.9530113935470581,-0.9650311470031738,-0.9650311470031738,-0.9650311470031738,-0.9650311470031738,-0.9650311470031738,
245,-1.2155799865722656,-1.2155799865722656,-1.4674608707427979,-1.4689985513687134,-1.5459747314453125,-2.0599207878112793,-2.0648508071899414,-2.146587610244751,-2.174060344696045,-2.174060344696045,-2.174060344696045,-2.174060344696045,-2.174060344696045,-2.174060344696045,-2.174060344696045,-2.174060344696045,-2.174060344696045,-2.174060344696045,-2.174060344696045,
273,-6.4047088623046875,-6.5937113761901855,-6.775732517242432,-6.848301410675049,-6.94936466217041,-7.008243560791016,-7.00953483581543,-7.00953483581543,-7.00953483581543,-7.00953483581543,-7.00953483581543,-7.00953483581543,-7.00953483581543,-7.00953483581543,-7.00953483581543,-7.00953483581543,-7.00953483581543,-7.00953483581543,-7.00953483581543,
326,-2.279146671295166,-2.3470444679260254,-2.5671842098236084,-2.579514503479004,-2.6008243560791016,-2.6398801803588867,-2.640866279602051,-2.640866279602051,-2.640866279602051,-2.900704860687256,-2.915705680847168,-2.915705680847168,-2.915705680847168,-2.915705680847168,-3.046363115310669,-3.053147792816162,-3.053147792816162,-3.053147792816162,-3.053147792816162,
399,0.3059999942779541,0.26032447814941406,-0.017728805541992188,-0.028280019760131836,-0.06478190422058105,-0.1285543441772461,-0.13040566444396973,-0.17592573165893555,-0.3186330795288086,-0.322279691696167,-0.3337855339050293,-0.47317957878112793,-0.4745185375213623,-0.4745185375213623,-0.4745185375213623,-0.4745185375213623,-0.4745185375213623,-0.4745185375213623,-0.4745185375213623,
436,-1.700702428817749,-2.23776912689209,-2.695666790008545,-2.8667876720428467,-2.9802558422088623,-3.5434014797210693,-3.6220760345458984,-3.624681234359741,-3.624681234359741,-3.624681234359741,-3.624681234359741,-3.624681234359741,-3.624681234359741,-3.624681234359741,-3.624681234359741,-3.624681234359741,-3.624681234359741,-3.624681234359741,-3.734070301055908,
474,0.9515666961669922,0.8171710968017578,0.35060787200927734,0.1535196304321289,0.14966869354248047,-0.13389134407043457,-0.14891481399536133,-0.14891481399536133,-0.14891481399536133,-0.14891481399536133,-0.790276050567627,-1.166429042816162,-1.180185079574585,-1.180185079574585,-1.180185079574585,-1.180185079574585,-1.180185079574585,-1.180185079574585,-1.180185079574585,
546,-1.540611743927002,-1.579928994178772,-1.941827416419983,-2.222714424133301,-2.2811903953552246,-2.7574362754821777,-2.7685985565185547,-2.768793821334839,-2.994459629058838,-3.0066261291503906,-3.0066261291503906,-3.0066261291503906,-3.0066261291503906,-3.0066261291503906,-3.0066261291503906,-3.0066261291503906,-3.0066261291503906,-3.0066261291503906,-3.0066261291503906,
586,1.0358459949493408,0.7688682079315186,0.6920554637908936,0.5461623668670654,0.5293281078338623,0.4963538646697998,0.4963538646697998,0.4963538646697998,0.15260696411132812,0.012463569641113281,0.010075569152832031,0.010075569152832031,0.010075569152832031,0.010075569152832031,0.010075569152832031,0.010075569152832031,0.010075569152832031,0.010075569152832031,0.010075569152832031,
639,0.36482858657836914,0.35928988456726074,0.11737895011901855,0.11737895011901855,0.06354928016662598,-0.0037059783935546875,-0.04649853706359863,-0.06230282783508301,-0.06230282783508301,-0.06230282783508301,-0.06230282783508301,-0.06230282783508301,-0.06230282783508301,-0.06230282783508301,-0.06230282783508301,-0.06230282783508301,-0.06230282783508301,-0.06230282783508301,-0.06230282783508301,
661,-0.3427734375,-0.8613216876983643,-0.8613216876983643,-0.8887085914611816,-0.9499101638793945,-1.0637702941894531,-1.0708534717559814,-1.0708534717559814,-1.0708534717559814,-1.0708534717559814,-1.0708534717559814,-1.096435546875,-1.1017558574676514,-1.1017558574676514,-1.1017558574676514,-1.1017558574676514,-1.1017558574676514,-1.1017558574676514,-1.1017558574676514,
737,-6.181761741638184,-6.181761741638184,-6.28466796875,-6.28466796875,-6.376840114593506,-6.726553916931152,-6.733449459075928,-6.733449459075928,-6.733928680419922,-6.733928680419922,-6.733928680419922,-6.733928680419922,-6.733928680419922,-6.949633598327637,-6.993599891662598,-6.994295120239258,-6.996898651123047,-6.998241901397705,-6.998241901397705,
776,0.8454360961914062,0.8111505508422852,0.601987361907959,0.5239758491516113,0.5048966407775879,0.2534785270690918,0.08166146278381348,0.06971383094787598,0.06971383094787598,0.06971383094787598,0.06971383094787598,0.06971383094787598,0.06971383094787598,0.06971383094787598,0.06971383094787598,0.06971383094787598,0.06971383094787598,0.06971383094787598,0.06971383094787598,
836,1.4687449932098389,1.3684542179107666,1.3684542179107666,0.9884727001190186,0.7411162853240967,0.6446778774261475,0.6411607265472412,0.6392323970794678,0.6392323970794678,0.5349929332733154,0.5349929332733154,0.5349929332733154,0.5349929332733154,0.5349929332733154,0.5349929332733154,0.5349929332733154,0.363037109375,0.3558814525604248,0.3558814525604248,
869,-4.516110897064209,-5.0726318359375,-5.5292792320251465,-5.582849502563477,-5.739195823669434,-5.818032741546631,-5.82643985748291,-6.059238433837891,-6.098453521728516,-6.186061859130859,-6.190679550170898,-6.190679550170898,-6.190679550170898,-6.190679550170898,-6.190679550170898,-6.190679550170898,-6.190679550170898,-6.191653728485107,-6.242740154266357,
911,-0.35663843154907227,-0.7418463230133057,-0.9865758419036865,-1.181152582168579,-1.2234761714935303,-1.3018605709075928,-1.3018605709075928,-1.5269887447357178,-1.5269887447357178,-1.5269887447357178,-1.5269887447357178,-1.5269887447357178,-1.5269887447357178,-1.5280444622039795,-1.5280444622039795,-1.5280444622039795,-1.8058353662490845,-1.8236021995544434,-1.8253085613250732,
987,1.7541613578796387,1.6846952438354492,1.137770652770996,1.1259641647338867,0.7324810028076172,0.6728296279907227,0.6707141399383545,0.6707141399383545,0.6707141399383545,0.6707141399383545,0.6707141399383545,0.6707141399383545,0.6707141399383545,0.6707141399383545,0.6707141399383545,0.6707141399383545,0.5450260639190674,0.4837214946746826,0.4813361167907715,
1025,-0.1950058937072754,-0.7856478691101074,-0.7856478691101074,-0.8022403717041016,-0.8387293815612793,-0.9065907001495361,-1.1168859004974365,-1.4169628620147705,-1.4260685443878174,-1.4260685443878174,-1.4260685443878174,-1.4260685443878174,-1.4260685443878174,-1.4260685443878174,-1.4260685443878174,-1.4260685443878174,-1.4260685443878174,-1.4260685443878174,-1.4260685443878174,
1092,-5.3463921546936035,-6.133831977844238,-6.34449577331543,-6.34449577331543,-6.447661399841309,-6.765665054321289,-6.788182258605957,-6.788182258605957,-6.788182258605957,-6.788182258605957,-6.954652786254883,-7.068503379821777,-7.0712432861328125,-7.0712432861328125,-7.0712432861328125,-7.0712432861328125,-7.110965728759766,-7.115036964416504,-7.115036964416504,
1128,1.049802541732788,1.049802541732788,0.8120894432067871,0.7956151962280273,0.7721350193023682,0.17618060111999512,0.11047124862670898,0.11047124862670898,0.11047124862670898,0.11047124862670898,-0.0987555980682373,-0.19970703125,-0.20002055168151855,-0.20002055168151855,-0.20002055168151855,-0.20002055168151855,-0.20002055168151855,-0.20002055168151855,-0.20002055168151855,
1178,-1.7596954107284546,-2.0105743408203125,-2.0105743408203125,-2.4227824211120605,-2.4531054496765137,-2.7166504859924316,-2.7625808715820312,-2.7625808715820312,-2.7625808715820312,-2.7625808715820312,-2.7625808715820312,-2.7625808715820312,-2.7625808715820312,-2.7625808715820312,-2.7625808715820312,-2.7625808715820312,-2.7625808715820312,-2.7625808715820312,-2.7625808715820312,
1216,3.662451982498169,3.4641497135162354,3.4641497135162354,3.3678481578826904,3.350428342819214,2.9925973415374756,2.9713499546051025,2.9703986644744873,2.9703986644744873,2.9703986644744873,2.9703986644744873,2.9703986644744873,2.9703986644744873,2.9703986644744873,2.9703986644744873,2.9703986644744873,2.9703986644744873,2.9703986644744873,2.9703986644744873,
1262,1.8018097877502441,1.6105308532714844,1.5331649780273438,1.3667182922363281,1.109449863433838,0.7739143371582031,0.7685284614562988,0.7685284614562988,0.7685284614562988,0.7685284614562988,0.7685284614562988,0.7685284614562988,0.7685284614562988,0.7685284614562988,0.7685284614562988,0.7685284614562988,0.7685284614562988,0.7685284614562988,0.7685284614562988,
1344,-1.6561055183410645,-1.6935646533966064,-1.6935646533966064,-1.9050112962722778,-1.971572995185852,-2.118509292602539,-2.1248955726623535,-2.1248955726623535,-2.1248955726623535,-2.1248955726623535,-2.1248955726623535,-2.1248955726623535,-2.1248955726623535,-2.1248955726623535,-2.1248955726623535,-2.1248955726623535,-2.1248955726623535,-2.1248955726623535,-2.389338970184326,
1389,-3.6469197273254395,-4.011223793029785,-4.025300979614258,-4.318489074707031,-4.5423784255981445,-5.329314231872559,-5.4392194747924805,-5.441590309143066,-5.441590309143066,-5.441590309143066,-5.441590309143066,-5.441590309143066,-5.441590309143066,-5.441590309143066,-5.441590309143066,-5.441590309143066,-5.441590309143066,-5.441590309143066,-5.441590309143066,
1409,-5.943936347961426,-6.172933578491211,-6.294763565063477,-6.363775253295898,-6.384439468383789,-6.689068794250488,-6.700477600097656,-6.700477600097656,-6.700477600097656,-6.700477600097656,-6.700477600097656,-6.700477600097656,-6.700477600097656,-6.700477600097656,-6.700477600097656,-6.700477600097656,-6.700477600097656,-6.700477600097656,-6.700477600097656,
1451,4.05743932723999,3.4505343437194824,3.274075984954834,3.0623626708984375,2.8980445861816406,2.870248317718506,2.8692750930786133,2.8692750930786133,2.8692750930786133,2.8692750930786133,2.7936792373657227,2.7444982528686523,2.7444982528686523,2.7444982528686523,2.7444982528686523,2.7444982528686523,2.7331385612487793,2.618626117706299,2.614699363708496,
1504,-0.7764759063720703,-0.848160982131958,-1.5226709842681885,-1.5226709842681885,-1.5436275005340576,-1.6042203903198242,-1.610092043876648,-1.610092043876648,-1.610092043876648,-1.610092043876648,-1.610092043876648,-1.610092043876648,-1.7305680513381958,-1.839228868484497,-1.8411238193511963,-1.8411238193511963,-1.8411238193511963,-1.8411238193511963,-1.8411238193511963,
1551,-0.1087045669555664,-0.20342540740966797,-0.20342540740966797,-0.26691699028015137,-0.2732830047607422,-0.675539493560791,-0.6996767520904541,-0.7001385688781738,-0.7402074337005615,-0.7884774208068848,-0.7922985553741455,-0.7922985553741455,-0.7922985553741455,-0.7922985553741455,-0.7922985553741455,-0.7922985553741455,-0.7922985553741455,-0.7922985553741455,-0.7922985553741455,
1621,-3.87937331199646,-4.071742057800293,-4.071742057800293,-4.0819010734558105,-4.086002349853516,-4.231220722198486,-4.371838569641113,-4.392606735229492,-5.069549560546875,-5.087440490722656,-5.087440490722656,-5.087440490722656,-5.087440490722656,-5.087440490722656,-5.087440490722656,-5.087440490722656,-5.087440490722656,-5.087440490722656,-5.087440490722656,
1685,-4.857393264770508,-5.844272613525391,-6.02860689163208,-6.102194309234619,-6.102194309234619,-6.322660446166992,-6.347774982452393,-6.500973224639893,-6.569906234741211,-6.574947357177734,-6.6892900466918945,-6.690688133239746,-6.690688133239746,-6.690688133239746,-6.690688133239746,-6.690688133239746,-6.690688133239746,-6.690688133239746,-6.690688133239746,
1726,-3.7883734703063965,-4.36578893661499,-4.729349136352539,-4.7953667640686035,-5.106988430023193,-5.437263488769531,-5.439538478851318,-5.439538478851318,-5.439538478851318,-5.439538478851318,-5.439538478851318,-5.439538478851318,-5.439538478851318,-5.439538478851318,-5.439538478851318,-5.439538478851318,-5.439538478851318,-5.439538478851318,-5.439538478851318,
1800,-3.981154680252075,-3.981154680252075,-3.994981050491333,-4.070805549621582,-4.0998077392578125,-4.315613269805908,-4.435418128967285,-4.439611434936523,-4.439611434936523,-4.439611434936523,-4.439611434936523,-4.506077766418457,-4.52908182144165,-4.52908182144165,-4.52908182144165,-4.52908182144165,-4.52908182144165,-4.52908182144165,-4.52908182144165,
1839,-3.976785182952881,-4.153870582580566,-4.352636337280273,-4.366307258605957,-4.450848579406738,-4.538696765899658,-4.546921730041504,-4.546921730041504,-4.546921730041504,-4.546921730041504,-4.546921730041504,-4.546921730041504,-4.547051429748535,-4.549065113067627,-4.549065113067627,-4.549065113067627,-4.549065113067627,-4.549065113067627,-4.549065113067627,
1881,-2.1922574043273926,-2.281493663787842,-2.394104242324829,-2.394104242324829,-2.4155807495117188,-2.663031578063965,-2.7901082038879395,-3.017984390258789,-3.0214896202087402,-3.0214896202087402,-3.0214896202087402,-3.0214896202087402,-3.0214896202087402,-3.0214896202087402,-3.0214896202087402,-3.0214896202087402,-3.0214896202087402,-3.0214896202087402,-3.0214896202087402,
1941,-0.6331312656402588,-1.305492639541626,-1.8137614727020264,-2.367495536804199,-2.367495536804199,-2.567121744155884,-2.572573661804199,-2.79110050201416,-2.8026280403137207,-2.8026280403137207,-2.8026280403137207,-2.8026280403137207,-2.9162821769714355,-2.9274985790252686,-2.9274985790252686,-2.9274985790252686,-2.9274985790252686,-2.9274985790252686,-2.9274985790252686,
1967,-1.4810502529144287,-1.4851713180541992,-1.642113447189331,-2.020118236541748,-2.020118236541748,-2.216348886489868,-2.2240147590637207,-2.2240147590637207,-2.2240147590637207,-2.2240147590637207,-2.2240147590637207,-2.2240147590637207,-2.2240147590637207,-2.2240147590637207,-2.2240147590637207,-2.2240147590637207,-2.2240147590637207,-2.2240147590637207,-2.2240147590637207,
2042,-4.118511199951172,-4.417866230010986,-4.464269638061523,-4.564826965332031,-4.681702136993408,-4.7244062423706055,-4.7244062423706055,-4.7244062423706055,-4.7244062423706055,-4.7244062423706055,-4.7244062423706055,-4.7244062423706055,-4.7244062423706055,-4.7244062423706055,-4.7244062423706055,-4.7244062423706055,-4.7244062423706055,-4.7244062423706055,-4.7244062423706055,
2056,-2.5408921241760254,-2.6014914512634277,-3.819023847579956,-3.927600383758545,-3.927600383758545,-4.257323741912842,-4.272617816925049,-4.272617816925049,-4.272617816925049,-4.272617816925049,-4.272617816925049,-4.272617816925049,-4.272617816925049,-4.272617816925049,-4.272617816925049,-4.272617816925049,-4.272617816925049,-4.272617816925049,-4.272617816925049,
2106,0.8455209732055664,0.8455209732055664,0.8455209732055664,0.3698394298553467,0.35686826705932617,0.09873559325933456,-0.29576539993286133,-0.3092231750488281,-0.3092231750488281,-0.3092231750488281,-0.3092231750488281,-0.3092231750488281,-0.3092231750488281,-0.3092231750488281,-0.3092231750488281,-0.3092231750488281,-0.3092231750488281,-0.3092231750488281,-0.311481237411499,
2191,1.8084485530853271,1.661785364151001,0.9713013172149658,0.9462006092071533,0.8776304721832275,0.6722676753997803,0.6581366062164307,0.6581366062164307,0.4443824291229248,0.4381592273712158,0.4381592273712158,0.4381592273712158,0.4381592273712158,0.4381592273712158,0.4381592273712158,0.4381592273712158,0.4381592273712158,0.4381592273712158,0.4381592273712158,
2216,0.2515990734100342,-0.11124253273010254,-0.40183234214782715,-0.40183234214782715,-0.5032739639282227,-0.589392900466919,-0.5930540561676025,-0.5930540561676025,-0.5930540561676025,-0.5930540561676025,-0.5930540561676025,-0.5930540561676025,-0.5930540561676025,-0.5930540561676025,-0.5930540561676025,-0.5930540561676025,-0.5930540561676025,-0.5930540561676025,-0.5930540561676025,
2298,3.2958321571350098,3.1352591514587402,3.0802812576293945,3.0439629554748535,2.970500946044922,2.8514695167541504,2.839203357696533,2.8377342224121094,2.745614528656006,2.565000534057617,2.5621933937072754,2.5621933937072754,2.5621933937072754,2.5621933937072754,2.5621933937072754,2.3157906532287598,2.3157906532287598,2.3157906532287598,2.3157906532287598,
2339,-3.4697494506835938,-3.4697494506835938,-3.735846757888794,-3.966538667678833,-4.177487850189209,-4.1805925369262695,-4.183182239532471,-4.19012451171875,-4.356705188751221,-4.357522964477539,-4.359528541564941,-4.359528541564941,-4.359528541564941,-4.359528541564941,-4.359528541564941,-4.359528541564941,-4.359528541564941,-4.359528541564941,-4.359528541564941,
2358,1.963937520980835,1.5911376476287842,1.5223033428192139,0.9243271350860596,0.900864839553833,0.6690919399261475,0.6636207103729248,0.6636207103729248,0.6636207103729248,0.6636207103729248,0.6636207103729248,0.5577752590179443,0.5539910793304443,0.5539910793304443,0.5539910793304443,0.5539910793304443,0.5539910793304443,0.5539910793304443,0.5539910793304443,
2444,-1.3401973247528076,-1.4454927444458008,-1.5073926448822021,-1.6491155624389648,-1.7321826219558716,-2.421696186065674,-2.478768825531006,-2.479759931564331,-2.479759931564331,-2.479759931564331,-2.540203809738159,-2.548271417617798,-2.548271417617798,-2.548271417617798,-2.548271417617798,-2.548271417617798,-2.548271417617798,-2.548271417617798,-2.548271417617798,
2466,-3.0462684631347656,-3.406290292739868,-4.8546953201293945,-5.198975563049316,-5.454870223999023,-5.80379056930542,-5.804679870605469,-5.804679870605469,-5.804679870605469,-5.804679870605469,-5.804679870605469,-5.804679870605469,-5.804679870605469,-5.804679870605469,-5.804679870605469,-5.804679870605469,-5.804679870605469,-5.804679870605469,-5.804679870605469,
2506,-2.6957168579101562,-2.7231063842773438,-3.020538330078125,-3.0877904891967773,-3.0877904891967773,-3.582155704498291,-3.999171495437622,-4.001842498779297,-4.001842498779297,-4.001842498779297,-4.001842498779297,-4.001842498779297,-4.001842498779297,-4.001842498779297,-4.001842498779297,-4.001842498779297,-4.001842498779297,-4.001842498779297,-4.001842498779297,
2596,0.23836660385131836,0.17857742309570312,-0.07137346267700195,-0.20545458793640137,-0.578707218170166,-0.6708846092224121,-1.3963823318481445,-1.4135334491729736,-1.4135334491729736,-1.4135334491729736,-1.4135334491729736,-1.4135334491729736,-1.4135334491729736,-1.4135334491729736,-1.4135334491729736,-1.4135334491729736,-1.4135334491729736,-1.4135334491729736,-1.4135334491729736,
2627,1.9285013675689697,1.50284743309021,1.3252456188201904,1.2031214237213135,0.978736162185669,0.7138798236846924,0.682424783706665,0.682424783706665,0.682424783706665,0.682424783706665,0.682424783706665,0.682424783706665,0.682424783706665,0.682424783706665,0.682424783706665,0.682424783706665,0.682424783706665,0.682424783706665,0.682424783706665,
2694,-5.175492763519287,-5.25784969329834,-5.650121688842773,-5.819887161254883,-5.846709251403809,-5.904152870178223,-5.905942440032959,-5.905942440032959,-5.905942440032959,-5.938968658447266,-6.041867256164551,-6.04374885559082,-6.04374885559082,-6.235231876373291,-6.325532913208008,-6.326560020446777,-6.326560020446777,-6.326560020446777,-6.326560020446777,
2702,-3.4185962677001953,-3.5691514015197754,-3.6437599658966064,-3.7024357318878174,-3.8925628662109375,-4.475255012512207,-4.518062591552734,-4.525092124938965,-4.525092124938965,-4.525092124938965,-4.525092124938965,-4.525092124938965,-4.525092124938965,-4.525092124938965,-4.525092124938965,-4.525092124938965,-4.525092124938965,-4.525092124938965,-4.525092124938965,
2786,-2.2963855266571045,-2.369110107421875,-2.4390869140625,-2.6614792346954346,-2.6924021244049072,-2.794555187225342,-2.7946159839630127,-2.7946159839630127,-2.7946159839630127,-2.7946159839630127,-2.7946159839630127,-2.7946159839630127,-2.7946159839630127,-2.7946159839630127,-2.7946159839630127,-2.7946159839630127,-2.7946159839630127,-2.7946159839630127,-2.7946159839630127,
2816,0.7666854858398438,0.34808778762817383,-0.06072497367858887,-0.2133498191833496,-0.25939011573791504,-0.31723523139953613,-0.31723523139953613,-0.31723523139953613,-0.31723523139953613,-0.31723523139953613,-0.31723523139953613,-0.31723523139953613,-0.31723523139953613,-0.31723523139953613,-0.31723523139953613,-0.31723523139953613,-0.31723523139953613,-0.31723523139953613,-0.31723523139953613,
2886,0.793065071105957,0.7078781127929688,0.541689395904541,0.5174276828765869,0.3686532974243164,0.3343167304992676,0.3343167304992676,0.3343167304992676,0.3343167304992676,0.3343167304992676,0.3343167304992676,0.3343167304992676,0.3343167304992676,0.3343167304992676,0.3343167304992676,0.3343167304992676,0.3343167304992676,0.3343167304992676,0.3343167304992676,
2907,-0.09819960594177246,-0.26732540130615234,-0.3802368640899658,-0.8879168033599854,-0.9612853527069092,-1.68576180934906,-1.731323480606079,-1.731323480606079,-1.731323480606079,-1.731323480606079,-1.731323480606079,-1.731323480606079,-1.731323480606079,-1.731323480606079,-1.731323480606079,-1.731323480606079,-1.731323480606079,-1.731323480606079,-1.731323480606079,
2981,-3.9852066040039062,-3.9852066040039062,-4.2167863845825195,-4.2167863845825195,-4.331777572631836,-4.340041160583496,-4.629463195800781,-4.6500091552734375,-4.6500091552734375,-4.6500091552734375,-4.6500091552734375,-4.6500091552734375,-4.6500091552734375,-4.6500091552734375,-4.6500091552734375,-4.6500091552734375,-4.899523735046387,-5.156581401824951,-5.167651176452637,
3037,-3.6353018283843994,-3.6353018283843994,-3.801177740097046,-4.0215373039245605,-4.057973861694336,-4.1452202796936035,-4.148197650909424,-4.148197650909424,-4.413079261779785,-4.417738437652588,-4.417738437652588,-4.417738437652588,-4.417738437652588,-4.417738437652588,-4.417738437652588,-4.417738437652588,-4.417738437652588,-4.417738437652588,-4.417738437652588,
3086,-1.1678874492645264,-1.5974183082580566,-1.716050148010254,-1.8452608585357666,-1.8560006618499756,-2.124222993850708,-2.128607749938965,-2.128607749938965,-2.128607749938965,-2.128607749938965,-2.128607749938965,-2.128607749938965,-2.128607749938965,-2.128607749938965,-2.128607749938965,-2.128607749938965,-2.128607749938965,-2.128607749938965,-2.128607749938965,
3122,-5.626487731933594,-5.680778503417969,-5.7637786865234375,-5.7637786865234375,-6.022857189178467,-6.173637390136719,-6.205819129943848,-6.205819129943848,-6.205819129943848,-6.205819129943848,-6.205819129943848,-6.205819129943848,-6.205819129943848,-6.205819129943848,-6.205819129943848,-6.205819129943848,-6.205819129943848,-6.205819129943848,-6.205819129943848,
3198,-2.3822641372680664,-2.5661399364471436,-2.863323211669922,-2.8671414852142334,-2.891514778137207,-3.336806058883667,-3.3901352882385254,-3.635737180709839,-3.6875598430633545,-3.6886069774627686,-3.6886069774627686,-3.6886069774627686,-3.6886069774627686,-3.6886069774627686,-3.6886069774627686,-3.6886069774627686,-3.6886069774627686,-3.6886069774627686,-3.6886069774627686,
3221,-0.512951135635376,-1.2323777675628662,-1.5412299633026123,-1.7812844514846802,-2.0367064476013184,-2.57524037361145,-2.6074533462524414,-2.607870101928711,-2.6734652519226074,-2.9022250175476074,-2.953806161880493,-2.953806161880493,-2.953806161880493,-2.953806161880493,-2.953806161880493,-2.953806161880493,-2.953806161880493,-2.953806161880493,-2.953806161880493,
3251,-3.6596765518188477,-3.7458653450012207,-3.983156681060791,-4.107911109924316,-4.124423980712891,-4.223203182220459,-4.2239274978637695,-4.2239274978637695,-4.2239274978637695,-4.2239274978637695,-4.2239274978637695,-4.2239274978637695,-4.2239274978637695,-4.2239274978637695,-4.2239274978637695,-4.230013847351074,-4.230234622955322,-4.230234622955322,-4.230234622955322,
3335,-0.771486759185791,-0.7824699878692627,-1.3157057762145996,-1.8332750797271729,-2.0100724697113037,-2.2641611099243164,-2.2719976902008057,-2.386974573135376,-2.401549816131592,-2.4020276069641113,-2.4020276069641113,-2.4020276069641113,-2.4020276069641113,-2.4020276069641113,-2.4020276069641113,-2.4020276069641113,-2.4020276069641113,-2.4020276069641113,-2.4020276069641113,
3381,-3.355130195617676,-3.3701953887939453,-3.5342226028442383,-3.793977737426758,-3.8999698162078857,-4.050746917724609,-4.054919242858887,-4.054919242858887,-4.054919242858887,-4.054919242858887,-4.054919242858887,-4.054919242858887,-4.054919242858887,-4.054919242858887,-4.054919242858887,-4.054919242858887,-4.054919242858887,-4.054919242858887,-4.054919242858887,
3434,-4.150352954864502,-5.340725898742676,-5.340725898742676,-5.625888347625732,-6.061025619506836,-6.104910850524902,-6.104910850524902,-6.104910850524902,-6.104910850524902,-6.104910850524902,-6.104910850524902,-6.104910850524902,-6.104910850524902,-6.104910850524902,-6.104910850524902,-6.104910850524902,-6.104910850524902,-6.104910850524902,-6.104910850524902,
3483,3.869086980819702,3.869086980819702,3.744478940963745,3.6467835903167725,3.6301815509796143,3.4484293460845947,3.1418893337249756,3.0917041301727295,3.0891640186309814,3.0891640186309814,3.0891640186309814,3.0891640186309814,3.0891640186309814,3.0891640186309814,3.0891640186309814,3.0891640186309814,3.0513384342193604,3.0153400897979736,3.0153400897979736,
3511,1.4218261241912842,1.3356988430023193,1.0344598293304443,0.982623815536499,0.8446085453033447,0.7391660213470459,0.7344820499420166,0.7344820499420166,0.7344820499420166,0.7344820499420166,0.7344820499420166,0.7344820499420166,0.7344820499420166,0.7344820499420166,0.7344820499420166,0.7344820499420166,0.7344820499420166,0.7344820499420166,0.7344820499420166,
3550,3.9883031845092773,3.6334266662597656,3.463857650756836,3.0491037368774414,2.9694972038269043,2.8538689613342285,2.658520221710205,2.5846047401428223,2.5843400955200195,2.5843400955200195,2.5843400955200195,2.5843400955200195,2.5843400955200195,2.5843400955200195,2.5843400955200195,2.5843400955200195,2.5843400955200195,2.5843400955200195,2.5843400955200195,
3634,-2.027508020401001,-2.027508020401001,-2.108224868774414,-2.1421830654144287,-2.2222893238067627,-2.2898402214050293,-2.2907216548919678,-2.2907216548919678,-2.2907216548919678,-2.2907216548919678,-2.2907216548919678,-2.2907216548919678,-2.2907216548919678,-2.2907216548919678,-2.2907216548919678,-2.357140302658081,-2.3689820766448975,-2.3689820766448975,-2.3689820766448975,
3696,-3.000967025756836,-3.019721508026123,-3.1714694499969482,-3.2439725399017334,-3.350541114807129,-3.373173952102661,-3.5346078872680664,-3.5900795459747314,-3.5962204933166504,-3.5962204933166504,-3.5962204933166504,-3.5962204933166504,-3.5962204933166504,-3.5962204933166504,-3.5962204933166504,-3.5962204933166504,-3.5962204933166504,-3.5962204933166504,-3.5962204933166504,
3743,-3.7338690757751465,-3.7774713039398193,-4.045753479003906,-4.232867240905762,-4.232867240905762,-4.314461708068848,-4.316542625427246,-4.316542625427246,-4.316542625427246,-4.316542625427246,-4.316542625427246,-4.316542625427246,-4.316542625427246,-4.316542625427246,-4.394813537597656,-4.469671249389648,-4.4732346534729,-4.4732346534729,-4.4732346534729,
3800,-0.9774818420410156,-1.038874626159668,-1.038874626159668,-1.2195405960083008,-1.2375288009643555,-1.4287265539169312,-1.6508164405822754,-1.6722989082336426,-1.6722989082336426,-1.6722989082336426,-1.6722989082336426,-1.6722989082336426,-1.6722989082336426,-1.6722989082336426,-1.6722989082336426,-1.6722989082336426,-1.6722989082336426,-1.6722989082336426,-1.6722989082336426,
3839,-2.5560529232025146,-3.2957518100738525,-3.3059639930725098,-3.3478775024414062,-3.4750730991363525,-3.540947198867798,-3.5434165000915527,-3.5434165000915527,-3.5434165000915527,-3.5434165000915527,-3.5434165000915527,-3.5434165000915527,-3.5434165000915527,-3.5434165000915527,-3.5434165000915527,-3.7541937828063965,-3.8215556144714355,-3.8248767852783203,-3.8248767852783203,
3880,-3.0584208965301514,-3.404071807861328,-3.604233741760254,-3.7368476390838623,-3.7440929412841797,-4.28256893157959,-4.302170276641846,-4.302170276641846,-4.302170276641846,-4.302170276641846,-4.302170276641846,-4.302170276641846,-4.302170276641846,-4.302170276641846,-4.302170276641846,-4.302170276641846,-4.302170276641846,-4.302170276641846,-4.302170276641846,
3906,1.9635772705078125,1.6489381790161133,1.2675094604492188,1.1855921745300293,1.1426143646240234,0.8823280334472656,0.8533868789672852,0.8533868789672852,0.8533868789672852,0.8008928298950195,0.7946467399597168,0.7946467399597168,0.7946467399597168,0.7946467399597168,0.7946467399597168,0.7946467399597168,0.7946467399597168,0.7946467399597168,0.7946467399597168,
3974,-2.893669605255127,-3.2768361568450928,-3.6608941555023193,-3.6608941555023193,-3.7318572998046875,-3.9029784202575684,-3.9054713249206543,-4.058915615081787,-4.125369548797607,-4.130224704742432,-4.130224704742432,-4.130224704742432,-4.130224704742432,-4.130224704742432,-4.130224704742432,-4.130224704742432,-4.130224704742432,-4.130224704742432,-4.130224704742432,
4006,0.6928374767303467,0.4469435214996338,0.38693928718566895,0.23762202262878418,0.22258949279785156,0.014246225357055664,-0.3231031894683838,-0.6183485984802246,-0.6243207454681396,-0.6243207454681396,-0.6243207454681396,-0.6243207454681396,-0.6243207454681396,-0.7825922966003418,-0.7908642292022705,-0.7909743785858154,-0.7909743785858154,-0.7909743785858154,-0.7909743785858154,
4051,0.2876608371734619,0.007065296173095703,0.007065296173095703,-0.11936235427856445,-0.24255609512329102,-0.3382899761199951,-0.3382899761199951,-0.3382899761199951,-0.3382899761199951,-0.3382899761199951,-0.3382899761199951,-0.3382899761199951,-0.3382899761199951,-0.3382899761199951,-0.3382899761199951,-0.3382899761199951,-0.5203697681427002,-0.6966612339019775,-0.7007761001586914,
4106,-1.0465645790100098,-1.1297547817230225,-1.353682518005371,-1.4232697486877441,-1.4566984176635742,-1.5811676979064941,-1.5829732418060303,-1.5829732418060303,-1.5829732418060303,-1.5829732418060303,-1.5829732418060303,-1.5829732418060303,-1.5829732418060303,-1.5829732418060303,-1.5829732418060303,-1.5829732418060303,-1.5829732418060303,-1.5829732418060303,-1.5829732418060303,
4186,1.5285451412200928,1.5285451412200928,1.5285451412200928,1.3168747425079346,1.2718923091888428,1.1983726024627686,0.8189427852630615,0.7967174053192139,0.7967174053192139,0.7967174053192139,0.7967174053192139,0.7967174053192139,0.4473257064819336,0.3584921360015869,0.3536403179168701,0.3536403179168701,0.3536403179168701,0.3536403179168701,0.3536403179168701,
4228,5.412929058074951,4.692290782928467,4.068789958953857,3.778367042541504,3.778367042541504,3.643472671508789,3.642279624938965,3.642279624938965,3.642279624938965,3.642279624938965,3.642279624938965,3.642279624938965,3.642279624938965,3.642279624938965,3.642279624938965,3.642279624938965,3.642279624938965,3.642279624938965,3.642279624938965,
4271,0.18116164207458496,-0.6827278137207031,-0.9832720756530762,-1.304765224456787,-1.398308277130127,-1.601804494857788,-1.604598045349121,-1.604598045349121,-1.604598045349121,-1.604598045349121,-1.604598045349121,-1.604598045349121,-1.604598045349121,-1.604598045349121,-1.604598045349121,-1.604598045349121,-1.604598045349121,-1.6498558521270752,-1.7396525144577026,
4328,-2.738088846206665,-2.738088846206665,-2.738088846206665,-2.738088846206665,-2.738088846206665,-2.79614520072937,-2.890580654144287,-2.8976330757141113,-3.091787338256836,-3.1001360416412354,-3.1001360416412354,-3.1001360416412354,-3.1001360416412354,-3.1001360416412354,-3.1001360416412354,-3.1001360416412354,-3.1001360416412354,-3.1001360416412354,-3.1001360416412354,
4400,3.0792174339294434,2.946536064147949,2.9043750762939453,2.6441330909729004,2.5744099617004395,2.264164924621582,2.2542543411254883,2.2542543411254883,2.2542543411254883,2.2542543411254883,2.2542543411254883,1.9340720176696777,1.6666884422302246,1.6586999893188477,1.6586999893188477,1.6586999893188477,1.6586999893188477,1.6586999893188477,1.6586999893188477,
4444,-1.787226915359497,-1.787226915359497,-2.430418014526367,-2.757511854171753,-2.8577613830566406,-3.3790431022644043,-3.4156806468963623,-3.419646739959717,-3.419646739959717,-3.419646739959717,-3.419646739959717,-3.419646739959717,-3.419646739959717,-3.419646739959717,-3.419646739959717,-3.862494707107544,-3.8780136108398438,-3.8780136108398438,-3.8780136108398438,
4489,-1.8325254917144775,-2.6796886920928955,-3.0040225982666016,-3.140019655227661,-3.218257188796997,-3.271958351135254,-3.271958351135254,-3.4205360412597656,-3.424431085586548,-3.4259073734283447,-3.4259073734283447,-3.4259073734283447,-3.4259073734283447,-3.4327750205993652,-3.4340882301330566,-3.4340882301330566,-3.4340882301330566,-3.4340882301330566,-3.4340882301330566,
4541,1.3633015155792236,1.3633015155792236,1.1013600826263428,1.0308983325958252,0.8318679332733154,0.693901777267456,0.6871683597564697,0.6871683597564697,0.48581671714782715,0.3997824192047119,0.3997824192047119,0.39859652519226074,0.39859652519226074,0.39859652519226074,0.39859652519226074,0.39859652519226074,0.39859652519226074,0.39859652519226074,0.39859652519226074,
4585,-5.240204811096191,-6.049647331237793,-6.082699775695801,-6.342961311340332,-6.342961311340332,-6.418610572814941,-6.4191155433654785,-6.4191155433654785,-6.4191155433654785,-6.4191155433654785,-6.4191155433654785,-6.4191155433654785,-6.4191155433654785,-6.4191155433654785,-6.4191155433654785,-6.4191155433654785,-6.4191155433654785,-6.4191155433654785,-6.4191155433654785,
4617,0.7372720241546631,0.4415717124938965,0.31338047981262207,0.06538152694702148,0.05891609191894531,-0.1685948371887207,-0.5047988891601562,-0.7551906108856201,-0.7593152523040771,-0.7593152523040771,-0.7593152523040771,-0.7593152523040771,-0.7593152523040771,-0.7593152523040771,-0.7593152523040771,-0.7593152523040771,-0.7593152523040771,-0.7593152523040771,-0.7593152523040771,
4697,0.8142156600952148,0.694551944732666,0.3942251205444336,-0.07512593269348145,-0.17369580268859863,-0.32056164741516113,-0.3379683494567871,-0.3379683494567871,-0.3379683494567871,-0.3379683494567871,-0.3379683494567871,-0.3379683494567871,-0.3379683494567871,-0.3379683494567871,-0.3379683494567871,-0.3379683494567871,-0.3379683494567871,-0.3379683494567871,-0.3379683494567871,
4730,3.410334825515747,3.3168604373931885,2.75996470451355,2.75996470451355,2.7384912967681885,2.45392107963562,2.448953866958618,2.448953866958618,2.448953866958618,2.448953866958618,2.448953866958618,2.448953866958618,2.4116899967193604,2.4063713550567627,2.4060561656951904,2.4060561656951904,2.405738592147827,2.405738592147827,2.405738592147827,
4788,-0.1827847957611084,-0.2084670066833496,-0.4769895076751709,-0.5544259548187256,-0.5544259548187256,-0.9181115627288818,-0.9181115627288818,-0.9183609485626221,-0.9200470447540283,-0.9200470447540283,-0.9200470447540283,-0.9200470447540283,-0.9200470447540283,-0.9200470447540283,-0.9200470447540283,-0.9200470447540283,-0.9200470447540283,-0.9200470447540283,-0.9200470447540283,
4844,3.788604497909546,3.5973360538482666,3.509558916091919,3.4874584674835205,3.468607187271118,3.3181302547454834,3.306988477706909,3.306988477706909,3.1690433025360107,3.162071466445923,3.162071466445923,3.162071466445923,3.1596744060516357,3.1596744060516357,3.1596744060516357,3.1596744060516357,3.1596744060516357,3.1596744060516357,3.1596744060516357,
4891,-0.11853241920471191,-0.11853241920471191,-0.20569252967834473,-0.20585274696350098,-0.30440425872802734,-0.3215339183807373,-0.3218109607696533,-0.3218109607696533,-0.3218109607696533,-0.3218109607696533,-0.3218109607696533,-0.3218109607696533,-0.3218109607696533,-0.342116117477417,-0.5483906269073486,-0.5509378910064697,-0.5509378910064697,-0.5509378910064697,-0.5509378910064697,
4942,-2.7318100929260254,-4.28389310836792,-4.922916889190674,-4.98593282699585,-4.98593282699585,-5.100035190582275,-5.111920356750488,-5.111920356750488,-5.111920356750488,-5.111920356750488,-5.111920356750488,-5.111920356750488,-5.111920356750488,-5.111920356750488,-5.19058084487915,-5.19810676574707,-5.226181983947754,-5.237272262573242,-5.237272262573242,
4983,-0.49014806747436523,-0.5658493041992188,-0.6121654510498047,-0.6244306564331055,-0.906909704208374,-1.132540225982666,-1.3798599243164062,-1.3895881175994873,-1.3895881175994873,-1.3895881175994873,-1.3895881175994873,-1.3895881175994873,-1.3907196521759033,-1.3907196521759033,-1.3907196521759033,-1.3907196521759033,-1.3907196521759033,-1.3907196521759033,-1.3907196521759033,
5024,3.54551362991333,3.49739408493042,3.1242547035217285,3.1242547035217285,3.0716419219970703,2.9094605445861816,2.5959925651550293,2.561540126800537,2.561540126800537,2.561540126800537,2.561540126800537,2.561540126800537,2.561540126800537,2.561540126800537,2.561540126800537,2.561540126800537,2.561540126800537,2.561540126800537,2.561540126800537,
5068,-0.5313937664031982,-0.7935497760772705,-1.079221487045288,-1.125582218170166,-1.15518319606781,-1.3471872806549072,-1.3537144660949707,-1.3537144660949707,-1.3537144660949707,-1.3537144660949707,-1.3537144660949707,-1.3537144660949707,-1.5086946487426758,-1.5092244148254395,-1.5092244148254395,-1.5092244148254395,-1.5092244148254395,-1.5092244148254395,-1.5092244148254395,
5107,-0.41129159927368164,-0.9946982860565186,-1.282268762588501,-1.396982192993164,-1.7233976125717163,-1.7492601871490479,-1.7492601871490479,-1.7492601871490479,-1.7492601871490479,-1.7492601871490479,-2.1743226051330566,-2.1850523948669434,-2.1850523948669434,-2.1850523948669434,-2.1850523948669434,-2.1850523948669434,-2.1850523948669434,-2.1850523948669434,-2.1850523948669434,
5185,-1.171292781829834,-1.171292781829834,-1.5665996074676514,-2.251291513442993,-2.499504327774048,-2.667788505554199,-2.6719632148742676,-2.6719632148742676,-2.780168056488037,-2.896043539047241,-2.935863733291626,-2.940396785736084,-2.940396785736084,-2.940396785736084,-2.950826644897461,-3.0736122131347656,-3.080185890197754,-3.3909964561462402,-3.4084866046905518,
5201,2.183412790298462,1.6582472324371338,1.187403917312622,1.0263144969940186,0.31398701667785645,0.0633234977722168,0.023246049880981445,0.023246049880981445,0.023246049880981445,0.023246049880981445,0.023246049880981445,0.023246049880981445,0.023246049880981445,0.023246049880981445,0.023246049880981445,0.023246049880981445,0.023246049880981445,0.023246049880981445,0.023246049880981445,
5300,3.467634439468384,3.2199981212615967,3.1743576526641846,3.081209897994995,2.9952914714813232,2.9430220127105713,2.9423534870147705,2.8354084491729736,2.703115701675415,2.698387861251831,2.473407030105591,2.4066660404205322,2.4066660404205322,2.4066660404205322,2.4066660404205322,2.4066660404205322,2.4066660404205322,2.4066660404205322,2.4066660404205322,
5309,-2.9344284534454346,-2.9344284534454346,-3.2698090076446533,-3.2698090076446533,-3.404179334640503,-3.8113255500793457,-3.925434112548828,-3.926175117492676,-3.926175117492676,-3.926175117492676,-3.926175117492676,-3.926175117492676,-3.926175117492676,-3.926175117492676,-3.926175117492676,-3.926175117492676,-3.926175117492676,-3.926175117492676,-3.926175117492676,
5378,7.320126056671143,7.025716304779053,6.5171027183532715,6.5171027183532715,6.224477291107178,6.110737323760986,5.620090007781982,5.3858208656311035,5.384512424468994,5.384512424468994,5.384512424468994,5.384512424468994,5.384512424468994,5.384512424468994,5.384512424468994,5.384512424468994,5.384512424468994,5.384512424468994,5.384512424468994,
5443,1.5417349338531494,1.419938325881958,1.2745578289031982,1.2745578289031982,1.0255210399627686,0.5994584560394287,0.46466588973999023,0.45818018913269043,0.45818018913269043,0.45818018913269043,0.45818018913269043,0.1304152011871338,0.08696484565734863,0.08566498756408691,0.08566498756408691,0.08566498756408691,0.08566498756408691,0.08566498756408691,0.08566498756408691,
5455,1.70957612991333,1.4784045219421387,0.9738349914550781,0.9173293113708496,0.8496885299682617,0.31089234352111816,0.29369091987609863,0.29319119453430176,0.29319119453430176,0.29319119453430176,0.29319119453430176,0.29319119453430176,0.29319119453430176,0.29319119453430176,0.29319119453430176,0.29319119453430176,0.29319119453430176,0.29319119453430176,0.29319119453430176,
5517,1.665907382965088,1.6037216186523438,1.0392742156982422,0.8495960235595703,0.8181648254394531,0.5978031158447266,0.3332223892211914,0.2972531318664551,0.2959167957305908,0.21308565139770508,0.20687532424926758,0.20620012283325195,0.20620012283325195,0.20620012283325195,0.20620012283325195,0.03644108772277832,0.006194353103637695,0.006194353103637695,0.006194353103637695,
5590,6.283351898193359,6.0959367752075195,5.789135932922363,5.056960105895996,4.801149368286133,4.163883209228516,4.152793884277344,4.152793884277344,4.152793884277344,4.043710708618164,3.981133222579956,3.981133222579956,3.981133222579956,3.981133222579956,3.981133222579956,3.981133222579956,3.981133222579956,3.981133222579956,3.5928947925567627,
5645,1.7922413349151611,1.5237433910369873,0.8335244655609131,0.77632737159729,0.45833468437194824,0.31124186515808105,0.30250048637390137,0.30250048637390137,0.30250048637390137,0.26175570487976074,0.14458775520324707,0.14458775520324707,0.14458775520324707,0.14458775520324707,0.14458775520324707,0.14458775520324707,0.14458775520324707,0.14458775520324707,0.14458775520324707,
5651,-0.23712396621704102,-0.40918922424316406,-1.1489779949188232,-1.1764085292816162,-1.216256856918335,-1.3412225246429443,-1.535362958908081,-1.5470178127288818,-1.5470178127288818,-1.5470178127288818,-1.5470178127288818,-1.5470178127288818,-1.5470178127288818,-1.5470178127288818,-1.5470178127288818,-1.5470178127288818,-1.5470178127288818,-1.5470178127288818,-1.5470178127288818,
5721,-4.351963043212891,-4.575918197631836,-4.955755710601807,-5.178714752197266,-5.576114177703857,-5.76555061340332,-5.794835567474365,-5.79771614074707,-5.79771614074707,-5.79771614074707,-5.79771614074707,-5.79771614074707,-5.79771614074707,-5.79771614074707,-5.79771614074707,-5.79771614074707,-5.79771614074707,-5.79771614074707,-5.79771614074707,
5754,-1.1816067695617676,-1.2598505020141602,-1.4751253128051758,-1.7112947702407837,-1.8947325944900513,-2.013228416442871,-2.0176656246185303,-2.0176656246185303,-2.0176656246185303,-2.1545255184173584,-2.273527145385742,-2.2820112705230713,-2.2820112705230713,-2.2820112705230713,-2.2820112705230713,-2.2820112705230713,-2.478375196456909,-2.511119842529297,-2.511119842529297,
5805,2.5130951404571533,2.2795917987823486,2.005272626876831,1.9321787357330322,1.8414576053619385,1.3967325687408447,1.3876731395721436,1.3876731395721436,1.3876731395721436,1.3876731395721436,1.3876731395721436,1.3876731395721436,1.3876731395721436,1.3876731395721436,1.3876731395721436,1.3876731395721436,1.3876731395721436,1.3876731395721436,1.3876731395721436,
5869,0.736635684967041,0.624305248260498,0.624305248260498,0.6144146919250488,0.5282418727874756,0.40789127349853516,0.39459729194641113,-0.04882407188415527,-0.09900546073913574,-0.10024905204772949,-0.10024905204772949,-0.10024905204772949,-0.10024905204772949,-0.10024905204772949,-0.10024905204772949,-0.10024905204772949,-0.10024905204772949,-0.10024905204772949,-0.10024905204772949,
5905,-1.1342253684997559,-1.4240002632141113,-1.631542682647705,-1.7520793676376343,-1.877132773399353,-1.999457597732544,-2.002629280090332,-2.002629280090332,-2.002629280090332,-2.002629280090332,-2.002629280090332,-2.002629280090332,-2.002629280090332,-2.002629280090332,-2.002629280090332,-2.002629280090332,-2.002629280090332,-2.002629280090332,-2.002629280090332,
5953,-5.175551414489746,-5.819824695587158,-5.850046634674072,-5.9311299324035645,-6.046411037445068,-6.071131706237793,-6.072718620300293,-6.072718620300293,-6.072718620300293,-6.072718620300293,-6.072718620300293,-6.072718620300293,-6.072718620300293,-6.072718620300293,-6.072718620300293,-6.072718620300293,-6.072718620300293,-6.072718620300293,-6.072718620300293,
6041,1.4475212097167969,1.2576894760131836,1.1562952995300293,1.1243658065795898,0.47301530838012695,-0.47731494903564453,-0.495006799697876,-0.495006799697876,-0.495006799697876,-0.495006799697876,-0.495006799697876,-0.495006799697876,-0.495006799697876,-0.495006799697876,-0.495006799697876,-0.495006799697876,-0.495006799697876,-0.495006799697876,-0.495006799697876,
6072,2.8413984775543213,2.763453245162964,2.2065603733062744,2.12878155708313,1.8404052257537842,1.800600290298462,1.794982671737671,1.7943637371063232,1.7943637371063232,1.7943637371063232,1.7943637371063232,1.7943637371063232,1.7943637371063232,1.7943637371063232,1.7943637371063232,1.7943637371063232,1.7943637371063232,1.2215049266815186,1.176710844039917,
6102,2.0342977046966553,1.9124596118927002,1.029977560043335,1.029977560043335,0.8172852993011475,0.562570333480835,0.5270059108734131,0.5259759426116943,0.5259759426116943,0.5259759426116943,0.5259759426116943,0.5259759426116943,0.5259759426116943,0.5259759426116943,0.5259759426116943,0.32730984687805176,0.27773380279541016,0.27773380279541016,0.27773380279541016,
6185,-0.34352993965148926,-0.4518768787384033,-0.9104447364807129,-0.9104447364807129,-1.024048089981079,-1.0931000709533691,-1.0931000709533691,-1.0931000709533691,-1.0931000709533691,-1.0931000709533691,-1.4820871353149414,-1.5206680297851562,-1.5224928855895996,-1.5224928855895996,-1.5224928855895996,-1.5224928855895996,-1.5224928855895996,-1.5224928855895996,-1.5224928855895996,
6242,-5.748142719268799,-5.748142719268799,-5.777509689331055,-6.446456432342529,-6.446456432342529,-6.787550449371338,-6.811071872711182,-6.811071872711182,-6.811071872711182,-6.811071872711182,-6.811071872711182,-6.811071872711182,-6.811071872711182,-6.811071872711182,-6.811071872711182,-6.811071872711182,-6.811071872711182,-6.811071872711182,-6.811071872711182,
6286,-1.6964702606201172,-1.969653844833374,-2.2750070095062256,-2.522179126739502,-2.522179126739502,-2.6257805824279785,-2.6285905838012695,-2.6285905838012695,-2.6285905838012695,-2.704397678375244,-2.729841947555542,-2.729841947555542,-2.729841947555542,-2.729841947555542,-2.729841947555542,-2.729841947555542,-2.729841947555542,-2.729841947555542,-2.729841947555542,
6335,-1.767767310142517,-2.290585517883301,-2.290585517883301,-2.4915835857391357,-2.5217041969299316,-2.5944626331329346,-2.7472329139709473,-2.7721943855285645,-2.7721943855285645,-2.942044496536255,-3.5222301483154297,-3.558537483215332,-3.560061454772949,-3.560061454772949,-3.560061454772949,-3.560061454772949,-3.560061454772949,-3.560061454772949,-3.560061454772949,
6383,0.29262614250183105,-0.04732155799865723,-0.29800891876220703,-0.3238489627838135,-0.3272244930267334,-0.3956630229949951,-0.3969871997833252,-0.3969871997833252,-0.3969871997833252,-0.3969871997833252,-0.3969871997833252,-0.3969871997833252,-0.3969871997833252,-0.3969871997833252,-0.3969871997833252,-0.3969871997833252,-0.3969871997833252,-0.3969871997833252,-0.3969871997833252,
6441,-1.1526646614074707,-1.1526646614074707,-1.322643518447876,-1.3909687995910645,-1.525221347808838,-1.6496598720550537,-1.8678743839263916,-1.8818901777267456,-1.8818901777267456,-1.8818901777267456,-1.8818901777267456,-1.8818901777267456,-1.8818901777267456,-1.8818901777267456,-1.8818901777267456,-1.8818901777267456,-1.8818901777267456,-1.8818901777267456,-1.8818901777267456,
6450,0.6704168319702148,0.19315814971923828,0.0684654712677002,-0.10352039337158203,-0.10352039337158203,-0.21741199493408203,-0.49541211128234863,-0.7051122188568115,-0.7104179859161377,-0.7104179859161377,-0.7104179859161377,-0.7104179859161377,-0.7104179859161377,-0.7104179859161377,-0.7104179859161377,-0.7104179859161377,-0.7104179859161377,-0.7104179859161377,-0.7104179859161377,
6525,3.73801589012146,3.6934659481048584,3.661951780319214,3.6110522747039795,3.5960938930511475,2.9703643321990967,2.8183510303497314,2.815420389175415,2.815420389175415,2.815420389175415,2.815420389175415,2.815420389175415,2.815420389175415,2.815420389175415,2.815420389175415,2.815420389175415,2.815420389175415,2.815420389175415,2.815420389175415,
6564,-4.251679420471191,-4.331984043121338,-4.69063663482666,-4.69903564453125,-4.8425092697143555,-4.950229167938232,-4.95131778717041,-4.95131778717041,-4.95481014251709,-4.95481014251709,-4.95481014251709,-4.95481014251709,-4.95481014251709,-4.95481014251709,-4.95481014251709,-4.95481014251709,-4.95481014251709,-4.95481014251709,-4.95481014251709,
6650,3.767277240753174,3.767277240753174,3.5911598205566406,3.530353546142578,3.511678695678711,3.4228343963623047,3.367310047149658,3.0123610496520996,2.956794261932373,2.9549145698547363,2.9549145698547363,2.9549145698547363,2.9549145698547363,2.9549145698547363,2.9549145698547363,2.953400135040283,2.953400135040283,2.953400135040283,2.953400135040283,
6674,-7.8480424880981445,-8.009222030639648,-8.268625259399414,-8.518712997436523,-8.571779251098633,-8.710208892822266,-8.71224308013916,-8.71224308013916,-8.71224308013916,-8.71224308013916,-8.71224308013916,-8.71224308013916,-8.71224308013916,-8.71224308013916,-8.71224308013916,-8.71224308013916,-8.71224308013916,-8.71224308013916,-8.71224308013916,
6746,0.7971749305725098,0.7971749305725098,0.5607390403747559,0.43860578536987305,0.2282719612121582,0.0652773380279541,0.06110548973083496,0.06110548973083496,0.06110548973083496,0.06110548973083496,0.06110548973083496,0.06110548973083496,0.06110548973083496,-0.018021583557128906,-0.044525146484375,-0.18395447731018066,-0.18642759323120117,-0.18642759323120117,-0.18642759323120117,
6768,1.2893407344818115,0.9332053661346436,0.7431938648223877,0.6201121807098389,0.5547358989715576,0.33294081687927246,0.329517126083374,0.329517126083374,0.329517126083374,0.329517126083374,0.329517126083374,0.329517126083374,0.329517126083374,0.329517126083374,0.329517126083374,0.329517126083374,0.3291804790496826,0.3291804790496826,0.3291804790496826,
6831,-0.04454779624938965,-0.04454779624938965,-0.04454779624938965,-0.13034415245056152,-0.17833971977233887,-0.30021166801452637,-0.4359896183013916,-0.7590277194976807,-1.025170087814331,-1.0645971298217773,-1.0645971298217773,-1.0645971298217773,-1.0645971298217773,-1.0645971298217773,-1.0645971298217773,-1.0645971298217773,-1.0645971298217773,-1.0645971298217773,-1.0645971298217773,
6876,2.403898239135742,2.1700034141540527,2.07991361618042,1.7611088752746582,1.3946309089660645,0.5632109642028809,0.4911975860595703,0.4904472827911377,0.4904472827911377,0.4904472827911377,0.4904472827911377,0.4904472827911377,0.4904472827911377,0.4904472827911377,0.4904472827911377,0.4904472827911377,0.4904472827911377,0.4904472827911377,0.4904472827911377,
6940,0.6966962814331055,0.5337543487548828,0.0450434684753418,-0.0011458396911621094,-0.04189729690551758,-0.3639054298400879,-1.221196174621582,-1.3418126106262207,-1.3418126106262207,-1.3418126106262207,-1.642189383506775,-1.6566601991653442,-1.6566601991653442,-1.6566601991653442,-1.6566601991653442,-1.6566601991653442,-1.6566601991653442,-1.6566601991653442,-1.6566601991653442,
6957,-1.1664807796478271,-1.4436014890670776,-1.7076653242111206,-1.8408055305480957,-1.9086549282073975,-2.007082939147949,-2.010355234146118,-2.010355234146118,-2.010355234146118,-2.1594080924987793,-2.201176643371582,-2.201620101928711,-2.201620101928711,-2.201620101928711,-2.201620101928711,-2.201620101928711,-2.201620101928711,-2.201620101928711,-2.201620101928711,
7037,-1.2806594371795654,-1.6215177774429321,-1.7343002557754517,-1.8027902841567993,-1.8027902841567993,-2.2338366508483887,-2.4656777381896973,-2.4829869270324707,-2.4829869270324707,-2.4829869270324707,-2.4829869270324707,-2.4829869270324707,-2.4829869270324707,-2.4829869270324707,-2.4829869270324707,-2.6338889598846436,-2.6428158283233643,-2.6428158283233643,-2.6428158283233643,
7074,-7.3985066413879395,-7.74006986618042,-7.847061634063721,-7.905478000640869,-8.051614761352539,-8.124939918518066,-8.124939918518066,-8.124939918518066,-8.124939918518066,-8.124939918518066,-8.124939918518066,-8.124939918518066,-8.124939918518066,-8.124939918518066,-8.124939918518066,-8.124939918518066,-8.124939918518066,-8.213945388793945,-8.241958618164062,
7105,-4.292270183563232,-4.375825881958008,-4.782523155212402,-5.011724948883057,-5.300939083099365,-5.526360511779785,-5.534322261810303,-5.536630630493164,-5.536630630493164,-5.536630630493164,-5.536630630493164,-5.536630630493164,-5.536630630493164,-5.536630630493164,-5.536630630493164,-5.536630630493164,-5.536630630493164,-5.536630630493164,-5.536630630493164,
7172,2.486016035079956,2.392350435256958,2.3840348720550537,2.292060136795044,2.213470220565796,2.1109797954559326,2.1085660457611084,1.7870385646820068,1.7833573818206787,1.7833573818206787,1.7833573818206787,1.7833573818206787,1.7833573818206787,1.7833573818206787,1.7833573818206787,1.7833573818206787,1.7833573818206787,1.7833573818206787,1.7833573818206787,
7231,-0.4457666873931885,-0.7625658512115479,-0.9342424869537354,-1.0459437370300293,-1.3561649322509766,-1.480543851852417,-1.4829792976379395,-1.4829792976379395,-1.4829792976379395,-1.7874648571014404,-1.8288265466690063,-1.8332030773162842,-1.8332030773162842,-1.8332030773162842,-1.8332030773162842,-1.8332030773162842,-1.8332030773162842,-1.8332030773162842,-1.8332030773162842,
7269,3.9424190521240234,3.569708824157715,3.4744467735290527,3.0588245391845703,3.0372982025146484,2.379420280456543,2.357369899749756,2.357369899749756,2.357369899749756,2.357369899749756,2.357369899749756,2.357369899749756,2.357369899749756,2.357369899749756,2.357369899749756,2.357369899749756,2.357369899749756,2.357369899749756,2.357369899749756,
7310,3.506345272064209,3.1746439933776855,3.1746439933776855,3.142629623413086,3.142629623413086,2.625875473022461,2.6114120483398438,2.6114120483398438,2.6114120483398438,2.6114120483398438,2.6114120483398438,2.6114120483398438,2.262744903564453,1.8331685066223145,1.8299365043640137,1.8299365043640137,1.827880859375,1.827880859375,1.827880859375,
7368,0.627514123916626,0.5873534679412842,0.19239354133605957,0.041469573974609375,0.041469573974609375,-0.21665430068969727,-0.6829144954681396,-0.755882978439331,-0.755882978439331,-0.755882978439331,-0.755882978439331,-0.755882978439331,-0.755882978439331,-0.755882978439331,-0.755882978439331,-0.755882978439331,-0.755882978439331,-0.755882978439331,-0.755882978439331,
7400,4.0315704345703125,3.4688656330108643,3.4688656330108643,3.1133458614349365,2.990844488143921,2.7783544063568115,2.679985284805298,2.5181772708892822,2.507305383682251,2.507305383682251,2.507305383682251,2.383826494216919,2.346137285232544,2.346137285232544,2.346137285232544,2.346137285232544,2.346137285232544,2.346137285232544,2.346137285232544,
7466,4.559268951416016,4.110888481140137,4.007656097412109,3.7043397426605225,3.3414409160614014,3.0927460193634033,3.0911943912506104,3.0911943912506104,3.0911943912506104,3.0911943912506104,3.0911943912506104,3.0911943912506104,3.0911943912506104,3.0911943912506104,3.0911943912506104,3.0911943912506104,3.0911943912506104,3.0911943912506104,3.0911943912506104,
7523,-3.3979945182800293,-3.4965314865112305,-3.687668561935425,-3.687668561935425,-3.774892807006836,-3.8131160736083984,-4.150757312774658,-4.160400867462158,-4.42933464050293,-4.753536224365234,-4.757478713989258,-4.757478713989258,-4.757478713989258,-4.757478713989258,-4.757478713989258,-4.757478713989258,-4.757478713989258,-4.757478713989258,-4.757478713989258,
7551,-1.0916473865509033,-1.5359878540039062,-1.587324619293213,-1.7982367277145386,-1.7982367277145386,-1.9064891338348389,-1.9214210510253906,-1.9214210510253906,-2.0635175704956055,-2.1389832496643066,-2.13980770111084,-2.13980770111084,-2.13980770111084,-2.13980770111084,-2.13980770111084,-2.13980770111084,-2.13980770111084,-2.13980770111084,-2.13980770111084,
7627,0.29705357551574707,-0.17218875885009766,-0.27211999893188477,-0.34334421157836914,-0.4713280200958252,-0.567439079284668,-0.5694131851196289,-0.5694131851196289,-0.5694131851196289,-0.5694131851196289,-0.5694131851196289,-0.6972012519836426,-0.7411777973175049,-0.7447190284729004,-0.7447190284729004,-0.7447190284729004,-0.7447190284729004,-0.7447190284729004,-0.7447190284729004,
7659,-3.951054811477661,-4.084794521331787,-4.2042083740234375,-4.2042083740234375,-4.2042083740234375,-4.251630783081055,-4.2527055740356445,-4.3510637283325195,-4.353681564331055,-4.354395389556885,-4.354395389556885,-4.354395389556885,-4.354631423950195,-4.354631423950195,-4.394847869873047,-4.401816368103027,-4.401816368103027,-4.401816368103027,-4.401816368103027,
7720,1.692434310913086,1.2764768600463867,1.1985406875610352,1.1681127548217773,1.1265869140625,1.0452332496643066,1.0429039001464844,0.8719916343688965,0.8332581520080566,0.8332581520080566,0.8332581520080566,0.8332581520080566,0.8332581520080566,0.8332581520080566,0.8332581520080566,0.8332581520080566,0.8332581520080566,0.8332581520080566,0.8332581520080566,
7796,0.12737512588500977,-0.011609315872192383,-0.2585020065307617,-0.2585020065307617,-0.3586699962615967,-0.5057985782623291,-0.5067415237426758,-0.5067415237426758,-0.5067415237426758,-0.5067415237426758,-0.5067415237426758,-0.5067415237426758,-0.5067415237426758,-0.5067415237426758,-0.5067415237426758,-0.5067415237426758,-0.5067415237426758,-0.5067415237426758,-0.5067415237426758,
7844,0.27530837059020996,0.04325461387634277,0.03465914726257324,-0.05216670036315918,-0.25527238845825195,-0.4849586486816406,-0.6005098819732666,-0.6017885208129883,-0.6017885208129883,-0.6017885208129883,-0.6017885208129883,-0.6017885208129883,-0.6017885208129883,-0.6017885208129883,-0.8522796630859375,-0.8588287830352783,-0.8588287830352783,-0.8588287830352783,-0.8588287830352783,
7883,0.37662696838378906,-0.3340895175933838,-0.48737120628356934,-0.6060256958007812,-0.9509661197662354,-1.2783732414245605,-1.287717580795288,-1.287717580795288,-1.493154525756836,-1.506352186203003,-1.515622615814209,-1.8632346391677856,-1.9553189277648926,-1.956341028213501,-1.956341028213501,-1.956341028213501,-1.956341028213501,-1.956341028213501,-1.956341028213501,
7929,-2.082209587097168,-2.3491268157958984,-2.5577759742736816,-2.5577759742736816,-2.6657495498657227,-3.4932467937469482,-3.5236332416534424,-3.5236332416534424,-3.5236332416534424,-3.5236332416534424,-3.5236332416534424,-3.5236332416534424,-3.5236332416534424,-3.5236332416534424,-3.5236332416534424,-3.5236332416534424,-3.5236332416534424,-3.5236332416534424,-3.5236332416534424,
8000,1.8979682922363281,1.8979682922363281,1.5820684432983398,1.3043737411499023,1.0820856094360352,0.9844012260437012,0.9825229644775391,0.9825229644775391,0.9825229644775391,0.9825229644775391,0.9825229644775391,0.9825229644775391,0.9825229644775391,0.9825229644775391,0.9825229644775391,0.9825229644775391,0.9825229644775391,0.9825229644775391,0.9825229644775391,
8008,-1.9592671394348145,-2.8564395904541016,-3.1794235706329346,-3.5475196838378906,-3.8241846561431885,-4.461840629577637,-4.634699821472168,-4.652691841125488,-4.652691841125488,-4.652691841125488,-4.652691841125488,-4.652691841125488,-4.652691841125488,-4.652691841125488,-4.652691841125488,-4.652691841125488,-4.652691841125488,-4.652691841125488,-4.907215595245361,
8058,-1.300870418548584,-1.6916507482528687,-2.1924352645874023,-2.801003932952881,-3.1906967163085938,-3.3174521923065186,-3.484821081161499,-3.4894561767578125,-3.4894561767578125,-3.4894561767578125,-3.4894561767578125,-3.4894561767578125,-3.4894561767578125,-3.4894561767578125,-3.4894561767578125,-3.4894561767578125,-3.4894561767578125,-3.4894561767578125,-3.4894561767578125,
8102,-2.909205675125122,-3.2622084617614746,-3.4271416664123535,-3.4585537910461426,-3.720942974090576,-4.003690719604492,-4.1789445877075195,-4.1833977699279785,-4.1833977699279785,-4.1833977699279785,-4.1833977699279785,-4.1833977699279785,-4.1833977699279785,-4.1833977699279785,-4.1833977699279785,-4.1833977699279785,-4.1833977699279785,-4.1833977699279785,-4.1833977699279785,
8173,1.3355834484100342,0.7194068431854248,0.7194068431854248,0.6348292827606201,0.6106398105621338,0.573836088180542,0.5713646411895752,0.5713646411895752,0.5713646411895752,0.5713646411895752,0.5713646411895752,0.5713646411895752,0.5713646411895752,0.5713646411895752,0.5713646411895752,0.5713646411895752,0.5713646411895752,0.5713646411895752,0.5713646411895752,
8243,0.2866964340209961,0.2229170799255371,0.10402345657348633,0.06839847564697266,-0.1207430362701416,-0.46455812454223633,-0.4825870990753174,-0.4825870990753174,-0.4825870990753174,-0.4825870990753174,-0.4825870990753174,-0.4825870990753174,-0.4825870990753174,-0.4825870990753174,-0.4825870990753174,-0.6999309062957764,-0.7250409126281738,-0.7250409126281738,-0.7250409126281738,
8295,0.2455301284790039,-0.024595260620117188,-0.6407387256622314,-0.6407387256622314,-0.7035009860992432,-1.070565938949585,-1.0736005306243896,-1.0736005306243896,-1.1829767227172852,-1.3173027038574219,-1.3241920471191406,-1.3241920471191406,-1.3241920471191406,-1.3241920471191406,-1.3241920471191406,-1.3241920471191406,-1.4143497943878174,-1.434748888015747,-1.4361374378204346,
8305,-2.4533536434173584,-2.4645190238952637,-2.6958742141723633,-2.7592709064483643,-3.0341429710388184,-3.125837802886963,-3.5569534301757812,-3.64505672454834,-3.64505672454834,-3.64505672454834,-3.64505672454834,-3.64505672454834,-3.64505672454834,-3.64505672454834,-3.64505672454834,-3.64505672454834,-3.64505672454834,-3.64505672454834,-3.64505672454834,
8356,-2.3046679496765137,-2.3046679496765137,-2.3046679496765137,-2.3228940963745117,-2.32460618019104,-2.329653263092041,-2.3480823040008545,-2.406712293624878,-2.4070992469787598,-2.4070992469787598,-2.4070992469787598,-2.4070992469787598,-2.4070992469787598,-2.4070992469787598,-2.4652748107910156,-2.506000518798828,-2.509695053100586,-2.509695053100586,-2.509695053100586,
8401,-6.284436225891113,-6.284436225891113,-6.445808410644531,-6.462191581726074,-6.499405384063721,-6.827841281890869,-6.872347831726074,-6.873040676116943,-6.873040676116943,-6.873040676116943,-6.873040676116943,-6.873040676116943,-6.873040676116943,-6.873040676116943,-6.873040676116943,-6.873198509216309,-6.873198509216309,-6.873198509216309,-6.873198509216309,
8494,0.2696361541748047,0.12743210792541504,0.031109333038330078,-0.019329547882080078,-0.2699902057647705,-0.2874324321746826,-0.6639854907989502,-0.7016417980194092,-0.7050509452819824,-0.7050509452819824,-0.7050509452819824,-0.7050509452819824,-0.7050509452819824,-0.7050509452819824,-0.7050509452819824,-0.7050509452819824,-0.7050509452819824,-0.7050509452819824,-0.7050509452819824,
8521,-2.855053424835205,-2.855053424835205,-3.1399989128112793,-3.32720685005188,-3.52048397064209,-4.26511287689209,-4.489906311035156,-4.521285057067871,-4.521285057067871,-4.521285057067871,-4.521285057067871,-4.521285057067871,-4.521285057067871,-4.521285057067871,-4.521285057067871,-4.521285057067871,-4.521285057067871,-4.521285057067871,-4.521285057067871,
8587,-1.2401304244995117,-1.2401304244995117,-1.3710687160491943,-1.491253137588501,-1.5474357604980469,-2.060953140258789,-2.0882794857025146,-2.090635061264038,-2.090635061264038,-2.090635061264038,-2.090635061264038,-2.090635061264038,-2.090635061264038,-2.090635061264038,-2.090635061264038,-2.4423837661743164,-2.518432140350342,-2.5191473960876465,-2.5191473960876465,
8637,2.924222230911255,2.924222230911255,2.9207212924957275,2.732811212539673,2.6449191570281982,2.412423849105835,1.995633840560913,1.975961446762085,1.975961446762085,1.975961446762085,1.975961446762085,1.888948678970337,1.864722490310669,1.864722490310669,1.864722490310669,1.864722490310669,1.864722490310669,1.864722490310669,1.864722490310669,
8658,1.2562103271484375,1.1039366722106934,0.8623390197753906,0.7634639739990234,0.6649813652038574,0.16060853004455566,0.0564274787902832,0.05385756492614746,0.05385756492614746,0.05385756492614746,0.05385756492614746,0.05385756492614746,0.05385756492614746,0.05385756492614746,0.05385756492614746,0.05385756492614746,0.05385756492614746,0.05385756492614746,0.05385756492614746,
8750,1.0572991371154785,0.4678926467895508,0.2867908477783203,0.05892133712768555,0.020285844802856445,-0.17459917068481445,-0.31253480911254883,-0.3751406669616699,-0.37604737281799316,-0.37604737281799316,-0.37604737281799316,-0.37604737281799316,-0.37604737281799316,-0.37604737281799316,-0.37604737281799316,-0.37604737281799316,-0.37604737281799316,-0.37604737281799316,-0.37604737281799316,
8777,0.41765499114990234,-0.2863340377807617,-1.3112051486968994,-1.6733684539794922,-1.8411566019058228,-2.3286447525024414,-2.5466222763061523,-2.8480687141418457,-2.852008104324341,-3.3699562549591064,-3.397012710571289,-3.397282838821411,-3.397282838821411,-3.397282838821411,-3.3985073566436768,-3.3985073566436768,-3.3985073566436768,-3.3985073566436768,-3.3985073566436768,
8833,0.34330296516418457,0.2900552749633789,-0.18491744995117188,-0.24126362800598145,-0.44042372703552246,-0.5175507068634033,-0.5184848308563232,-0.7221009731292725,-0.8047833442687988,-0.8056626319885254,-0.8056626319885254,-0.8056626319885254,-0.8056626319885254,-0.8056626319885254,-0.8056626319885254,-0.8056626319885254,-0.8056626319885254,-0.8056626319885254,-0.8056626319885254,
8873,-2.1844897270202637,-2.1844897270202637,-2.5264980792999268,-2.6360018253326416,-2.700547218322754,-2.7683393955230713,-3.363229751586914,-3.9775867462158203,-3.9875404834747314,-3.9875404834747314,-3.9875404834747314,-3.9875404834747314,-3.9875404834747314,-3.9875404834747314,-3.9875404834747314,-3.9875404834747314,-3.987722873687744,-3.987722873687744,-3.987722873687744,
8948,2.0286831855773926,1.95750093460083,1.7719240188598633,1.498344898223877,1.4173145294189453,1.184969425201416,1.1727709770202637,1.1727709770202637,1.1727709770202637,1.1727709770202637,1.1727709770202637,1.081857681274414,1.0431509017944336,1.0378198623657227,1.0378198623657227,1.0378198623657227,1.0378198623657227,1.0378198623657227,1.0378198623657227,
8951,-2.73081636428833,-2.8374714851379395,-3.0298566818237305,-3.2310526371002197,-3.357077121734619,-3.496290445327759,-3.497727632522583,-3.497727632522583,-3.497727632522583,-3.497727632522583,-3.497727632522583,-3.497727632522583,-3.5684783458709717,-3.6195318698883057,-3.6223459243774414,-3.6223459243774414,-3.6223459243774414,-3.6223459243774414,-3.6223459243774414,
9017,-1.7113993167877197,-2.310159683227539,-2.491582155227661,-2.5620052814483643,-2.5620052814483643,-2.884770154953003,-2.8894248008728027,-2.8894248008728027,-2.8894248008728027,-2.8894248008728027,-2.8894248008728027,-2.8894248008728027,-2.8894248008728027,-2.8894248008728027,-2.8894248008728027,-2.8894248008728027,-2.8894248008728027,-2.8894248008728027,-2.8894248008728027,
9089,0.8489425182342529,0.5245177745819092,0.23071599006652832,-0.1096944808959961,-0.27741122245788574,-0.4490847587585449,-0.45723652839660645,-0.45723652839660645,-0.45723652839660645,-0.45723652839660645,-0.503615140914917,-0.6071555614471436,-0.6289980411529541,-0.6395514011383057,-0.6395514011383057,-0.6395514011383057,-0.6395514011383057,-0.6395514011383057,-0.6395514011383057,
9138,-1.8147118091583252,-1.8147118091583252,-1.9512503147125244,-2.1070985794067383,-2.329489231109619,-2.3775548934936523,-2.382093906402588,-2.382093906402588,-2.382093906402588,-2.382093906402588,-2.382093906402588,-2.382093906402588,-2.382093906402588,-2.382093906402588,-2.382093906402588,-2.382093906402588,-2.382093906402588,-2.382093906402588,-2.382093906402588,
9176,-2.030604362487793,-2.2169413566589355,-2.64229154586792,-2.7100067138671875,-2.9720208644866943,-3.5468599796295166,-3.595029354095459,-3.595029354095459,-3.840968132019043,-3.894397735595703,-4.016188144683838,-4.1152215003967285,-4.116306304931641,-4.116306304931641,-4.116306304931641,-4.116306304931641,-4.116306304931641,-4.116306304931641,-4.116306304931641,
9249,-1.6547856330871582,-2.239881992340088,-2.475982666015625,-2.4811272621154785,-2.6098835468292236,-2.7597641944885254,-2.7662811279296875,-2.7662811279296875,-2.7662811279296875,-2.7662811279296875,-2.7662811279296875,-2.7662811279296875,-2.7662811279296875,-2.7662811279296875,-2.7662811279296875,-2.804135799407959,-2.9126434326171875,-2.9195244312286377,-2.9195244312286377,
9282,-2.3001296520233154,-2.615591049194336,-2.6234865188598633,-2.6459007263183594,-2.6825079917907715,-2.7422664165496826,-2.8056957721710205,-3.0726780891418457,-3.0970377922058105,-3.0970377922058105,-3.0970377922058105,-3.0970377922058105,-3.0970377922058105,-3.0970377922058105,-3.0970377922058105,-3.0970377922058105,-3.0970377922058105,-3.0970377922058105,-3.0970377922058105,
9322,0.40096306800842285,0.34389781951904297,0.18551087379455566,0.015625476837158203,-0.07379436492919922,-0.2363286018371582,-0.24624371528625488,-0.24624371528625488,-0.24624371528625488,-0.24624371528625488,-0.24624371528625488,-0.24624371528625488,-0.24624371528625488,-0.24624371528625488,-0.24624371528625488,-0.24624371528625488,-0.24624371528625488,-0.24624371528625488,-0.24624371528625488,
9400,-1.6427186727523804,-1.6427186727523804,-1.8049838542938232,-1.8503892421722412,-1.9465854167938232,-1.9797711372375488,-1.9797711372375488,-1.9797711372375488,-1.9797711372375488,-1.9797711372375488,-1.9797711372375488,-1.9797711372375488,-1.9797711372375488,-1.9797711372375488,-1.9797711372375488,-1.9797711372375488,-1.9797711372375488,-1.9797711372375488,-1.9797711372375488,
9433,-3.302579164505005,-3.302579164505005,-3.66235089302063,-3.873836040496826,-3.873836040496826,-4.053505897521973,-4.103147029876709,-4.109683513641357,-4.111417293548584,-4.111417293548584,-4.111417293548584,-4.111417293548584,-4.111417293548584,-4.111417293548584,-4.111417293548584,-4.111417293548584,-4.111417293548584,-4.111417293548584,-4.111417293548584,
9472,-2.673123359680176,-2.79557466506958,-3.2674479484558105,-3.2674479484558105,-3.366417407989502,-3.56154203414917,-3.685828924179077,-3.694143056869507,-3.694143056869507,-3.694143056869507,-3.694143056869507,-3.694143056869507,-3.694143056869507,-3.694143056869507,-3.694143056869507,-3.694143056869507,-3.694143056869507,-3.694143056869507,-3.694143056869507,
9538,-2.0493717193603516,-2.2579331398010254,-2.38773250579834,-2.38773250579834,-2.484682559967041,-2.5507421493530273,-2.983396053314209,-3.0035176277160645,-3.0035176277160645,-3.0035176277160645,-3.0035176277160645,-3.0035176277160645,-3.0035176277160645,-3.0035176277160645,-3.0035176277160645,-3.0035176277160645,-3.0035176277160645,-3.0041136741638184,-3.0041136741638184,
9583,-8.980904579162598,-9.241989135742188,-9.257068634033203,-9.278915405273438,-9.450870513916016,-9.649248123168945,-9.652791976928711,-9.652791976928711,-9.656898498535156,-9.656898498535156,-9.656898498535156,-9.656898498535156,-9.656898498535156,-9.656898498535156,-9.656898498535156,-9.656898498535156,-9.656898498535156,-9.656898498535156,-9.656898498535156,
9633,-4.361560821533203,-4.802750587463379,-4.828343868255615,-4.918352127075195,-5.005451679229736,-5.109691143035889,-5.109691143035889,-5.109691143035889,-5.109691143035889,-5.109691143035889,-5.109691143035889,-5.109691143035889,-5.109691143035889,-5.109691143035889,-5.109691143035889,-5.109691143035889,-5.109691143035889,-5.109691143035889,-5.109691143035889,
9660,-5.6104655265808105,-5.67923641204834,-5.909516334533691,-6.025676250457764,-6.093844413757324,-6.386159896850586,-6.387807846069336,-6.387807846069336,-6.387807846069336,-6.388501167297363,-6.388501167297363,-6.388501167297363,-6.388501167297363,-6.388501167297363,-6.388501167297363,-6.388501167297363,-6.388501167297363,-6.388501167297363,-6.388501167297363,
9734,-0.9356005191802979,-0.9356005191802979,-1.1756556034088135,-1.2545113563537598,-1.3920106887817383,-1.6541755199432373,-2.330764055252075,-2.378458023071289,-2.3824610710144043,-2.3824610710144043,-2.3824610710144043,-2.808769941329956,-2.836705446243286,-2.836705446243286,-2.836705446243286,-2.836705446243286,-2.836705446243286,-2.836705446243286,-2.836705446243286,
9755,-2.196929454803467,-2.2542359828948975,-2.4318671226501465,-2.557133197784424,-2.5880048274993896,-3.122746467590332,-3.309906005859375,-3.3112168312072754,-3.3112168312072754,-3.3112168312072754,-3.3112168312072754,-3.3112168312072754,-3.3112168312072754,-3.3112168312072754,-3.3112168312072754,-3.3112168312072754,-3.3112168312072754,-3.3112168312072754,-3.3112168312072754,
9809,-2.26877498626709,-2.6920745372772217,-2.6988487243652344,-2.903367519378662,-2.9057445526123047,-2.99639630317688,-2.99639630317688,-2.99639630317688,-2.99639630317688,-2.99639630317688,-2.99639630317688,-2.99639630317688,-2.99639630317688,-2.99639630317688,-2.99639630317688,-2.99639630317688,-2.99639630317688,-2.99639630317688,-2.99639630317688,
9874,-3.587798595428467,-3.7470014095306396,-3.9270849227905273,-4.006865501403809,-4.195273399353027,-4.280539512634277,-4.328453540802002,-4.446136474609375,-4.447805881500244,-4.447805881500244,-4.447805881500244,-4.447805881500244,-4.447805881500244,-4.447805881500244,-4.447805881500244,-4.447805881500244,-4.447805881500244,-4.447805881500244,-4.447805881500244,
9909,-1.0469062328338623,-2.326378107070923,-2.407557725906372,-2.456252098083496,-2.5208067893981934,-2.5590150356292725,-2.6160240173339844,-2.6237664222717285,-2.6237664222717285,-2.706254005432129,-2.8406786918640137,-2.8509104251861572,-2.8509104251861572,-2.8509104251861572,-2.8509104251861572,-2.8509104251861572,-2.8509104251861572,-2.8509104251861572,-2.8509104251861572,
9976,-2.697518825531006,-3.1882569789886475,-3.225954055786133,-3.3259634971618652,-3.4315335750579834,-3.83626389503479,-3.977055549621582,-3.981372594833374,-3.981372594833374,-3.981372594833374,-3.981372594833374,-3.981372594833374,-3.981372594833374,-3.981372594833374,-3.981372594833374,-3.981372594833374,-3.981372594833374,-3.981372594833374,-3.981372594833374,
10040,0.2694730758666992,0.07841014862060547,-0.2629556655883789,-0.35747647285461426,-0.46485090255737305,-0.6818785667419434,-0.8055636882781982,-0.8269734382629395,-0.8269734382629395,-0.8269734382629395,-0.8269734382629395,-0.9269838333129883,-0.9941997528076172,-0.995311975479126,-0.995311975479126,-0.995311975479126,-0.995311975479126,-0.995311975479126,-1.0254559516906738,
10073,-4.563064098358154,-4.613042831420898,-4.848849773406982,-4.976681709289551,-4.976681709289551,-5.02351188659668,-5.023515224456787,-5.081383228302002,-5.0861382484436035,-5.0861382484436035,-5.0861382484436035,-5.0861382484436035,-5.0861382484436035,-5.0861382484436035,-5.0861382484436035,-5.0861382484436035,-5.0861382484436035,-5.0861382484436035,-5.0861382484436035,
10101,-3.063896656036377,-3.0756654739379883,-3.3684284687042236,-3.455540418624878,-3.498838186264038,-4.06471061706543,-4.233845233917236,-4.233845233917236,-4.233845233917236,-4.233845233917236,-4.233845233917236,-4.233845233917236,-4.233845233917236,-4.233845233917236,-4.233845233917236,-4.233845233917236,-4.233845233917236,-4.233845233917236,-4.233845233917236,
10168,-1.1031203269958496,-1.2956173419952393,-1.3151426315307617,-1.5323656797409058,-1.6190463304519653,-1.7282073497772217,-1.7303348779678345,-1.7303348779678345,-1.7303348779678345,-1.7303348779678345,-1.7303348779678345,-1.7303348779678345,-1.7303348779678345,-1.7303348779678345,-1.7303348779678345,-1.7303348779678345,-1.7303348779678345,-1.7303348779678345,-1.7303348779678345,
10232,-2.453124523162842,-2.453124523162842,-2.5386643409729004,-2.6527256965637207,-2.6908226013183594,-2.718039035797119,-2.718859910964966,-2.718859910964966,-2.7408089637756348,-2.747905969619751,-2.747905969619751,-2.8645293712615967,-2.869342565536499,-2.869342565536499,-2.869342565536499,-2.869342565536499,-2.869342565536499,-2.869342565536499,-2.869342565536499,
10250,-1.3877356052398682,-1.4597209692001343,-1.5805995464324951,-1.6803076267242432,-1.905825138092041,-2.0780587196350098,-2.5275769233703613,-2.5447120666503906,-2.5447120666503906,-2.5447120666503906,-2.5447120666503906,-2.5447120666503906,-2.5447120666503906,-2.5447120666503906,-2.5447120666503906,-2.5447120666503906,-2.5447120666503906,-2.5447120666503906,-2.5447120666503906,
10342,3.061103105545044,2.832127332687378,2.3069002628326416,1.6696574687957764,1.3671467304229736,1.0079395771026611,0.9938948154449463,0.9938948154449463,0.9938948154449463,0.9938948154449463,0.9938948154449463,0.9938948154449463,0.9938948154449463,0.9938948154449463,0.9938948154449463,0.9938948154449463,0.9938948154449463,0.9938948154449463,0.9938948154449463,
10372,-1.9985036849975586,-2.292774200439453,-2.3953356742858887,-2.6603915691375732,-2.6603915691375732,-2.8290843963623047,-2.8316116333007812,-2.8316116333007812,-2.8316116333007812,-2.8316116333007812,-2.924546718597412,-2.968878746032715,-2.9729697704315186,-2.9729697704315186,-2.9729697704315186,-2.9729697704315186,-2.9729697704315186,-2.9729697704315186,-3.1633572578430176,
10439,-0.7681295871734619,-0.7975971698760986,-0.9046065807342529,-0.9255542755126953,-0.9493906497955322,-1.1745262145996094,-1.1899182796478271,-1.1899182796478271,-1.1899182796478271,-1.1899182796478271,-1.246774435043335,-1.249523401260376,-1.2495417594909668,-1.2495417594909668,-1.2495417594909668,-1.2495417594909668,-1.3006770610809326,-1.3414475917816162,-1.3426482677459717,
10455,-5.154456615447998,-5.52962589263916,-5.52962589263916,-5.5571489334106445,-5.569936275482178,-5.8368353843688965,-6.294094085693359,-6.3364434242248535,-6.3364434242248535,-6.3364434242248535,-6.3364434242248535,-6.3364434242248535,-6.3364434242248535,-6.3364434242248535,-6.3364434242248535,-6.3364434242248535,-6.3364434242248535,-6.3364434242248535,-6.3364434242248535,
10550,0.8004269599914551,0.39188051223754883,0.33649444580078125,0.12763690948486328,0.11126875877380371,0.03490853309631348,0.03490853309631348,0.03490853309631348,-0.053917646408081055,-0.055646657943725586,-0.055646657943725586,-0.0959780216217041,-0.22557592391967773,-0.22969412803649902,-0.22969412803649902,-0.22969412803649902,-0.22969412803649902,-0.22969412803649902,-0.2512502670288086,
10594,2.2435269355773926,2.2435269355773926,1.9961285591125488,1.8675456047058105,1.7658138275146484,0.5409784317016602,0.3221311569213867,0.3174753189086914,0.3174753189086914,0.3174753189086914,0.3174753189086914,0.3174753189086914,0.3174753189086914,0.3174753189086914,0.3174753189086914,0.3174753189086914,0.3174753189086914,0.3174753189086914,0.3174753189086914,
10630,-0.6994740962982178,-0.7118678092956543,-1.235048532485962,-1.3073053359985352,-1.3943982124328613,-1.6064097881317139,-1.6731886863708496,-1.6753206253051758,-1.7927112579345703,-1.9252970218658447,-1.9275250434875488,-1.9275250434875488,-1.9275250434875488,-1.9275250434875488,-1.9275250434875488,-1.9275250434875488,-1.9275250434875488,-1.9275250434875488,-1.9275250434875488,
10676,-2.2749345302581787,-3.000338554382324,-3.54754638671875,-3.590536117553711,-3.6138317584991455,-4.009084701538086,-4.053653240203857,-4.054964065551758,-4.054964065551758,-4.054964065551758,-4.324878215789795,-4.411004543304443,-4.415799617767334,-4.415799617767334,-4.415799617767334,-4.415799617767334,-4.415799617767334,-4.415799617767334,-4.415799617767334,
10717,-0.5706696510314941,-1.2255756855010986,-1.3878955841064453,-1.4255340099334717,-1.8065123558044434,-1.9536588191986084,-2.215041160583496,-2.3344407081604004,-2.340663433074951,-2.340663433074951,-2.340663433074951,-2.340663433074951,-2.340663433074951,-2.340663433074951,-2.340663433074951,-2.340663433074951,-2.340663433074951,-2.340663433074951,-2.340663433074951,
10785,0.4482452869415283,-0.14461016654968262,-0.14461016654968262,-0.1959834098815918,-0.22268009185791016,-0.26749396324157715,-0.651583194732666,-0.9012908935546875,-0.9100649356842041,-0.9100649356842041,-0.9100649356842041,-0.9100649356842041,-0.9100649356842041,-0.9100649356842041,-0.9100649356842041,-0.9100649356842041,-0.9100649356842041,-0.9100649356842041,-0.9100649356842041,
10820,0.15012145042419434,0.15012145042419434,0.048038482666015625,0.028006553649902344,0.019057750701904297,0.011837482452392578,-0.0027742385864257812,-0.0448150634765625,-0.04651498794555664,-0.04651498794555664,-0.04651498794555664,-0.12927007675170898,-0.13325071334838867,-0.13325071334838867,-0.13325071334838867,-0.13325071334838867,-0.13325071334838867,-0.13325071334838867,-0.13325071334838867,
10890,-0.6690454483032227,-0.6750528812408447,-0.9577970504760742,-1.1768171787261963,-1.1768171787261963,-1.3736162185668945,-1.42938232421875,-1.5041413307189941,-1.5059564113616943,-1.5059564113616943,-1.5059564113616943,-1.62257981300354,-1.6832153797149658,-1.683982491493225,-1.683982491493225,-1.683982491493225,-1.683982491493225,-1.683982491493225,-1.683982491493225,
10947,-1.6944496631622314,-1.6944496631622314,-1.7764010429382324,-1.819831132888794,-2.170461654663086,-2.8017759323120117,-2.8442516326904297,-2.8442516326904297,-2.9810755252838135,-3.0248327255249023,-3.0248327255249023,-3.0248327255249023,-3.0248327255249023,-3.0248327255249023,-3.0248327255249023,-3.0248327255249023,-3.0248327255249023,-3.0248327255249023,-3.0248327255249023,
10977,-2.0469772815704346,-2.3723294734954834,-2.3723294734954834,-2.555636405944824,-2.6283979415893555,-2.7190327644348145,-2.94865083694458,-2.9773683547973633,-2.977677583694458,-2.977677583694458,-2.977677583694458,-3.108386993408203,-3.311958074569702,-3.3130080699920654,-3.3130080699920654,-3.3130080699920654,-3.3130080699920654,-3.3130080699920654,-3.3130080699920654,
11034,2.1961863040924072,2.1223161220550537,1.391618013381958,1.2882511615753174,1.2516510486602783,1.13539719581604,0.3191077709197998,0.09195876121520996,0.0810997486114502,0.0810997486114502,0.0810997486114502,0.0810997486114502,0.0810997486114502,0.0810997486114502,0.0810997486114502,0.0810997486114502,0.0810997486114502,0.0810997486114502,0.0810997486114502,
11064,0.2395625114440918,0.14159417152404785,0.06730437278747559,0.016798734664916992,-0.2004389762878418,-0.9422986507415771,-1.0411932468414307,-1.0427331924438477,-1.0427331924438477,-1.0427331924438477,-1.0427331924438477,-1.0427331924438477,-1.0427331924438477,-1.0427331924438477,-1.0427331924438477,-1.0427331924438477,-1.0427331924438477,-1.0427331924438477,-1.0427331924438477,
11119,-1.5298240184783936,-1.6152174472808838,-1.6290391683578491,-1.664377212524414,-1.699869155883789,-1.8812692165374756,-2.2653050422668457,-2.2717883586883545,-2.2717883586883545,-2.2717883586883545,-2.2717883586883545,-2.2717883586883545,-2.2717883586883545,-2.2717883586883545,-2.2717883586883545,-2.2717883586883545,-2.2717883586883545,-2.2717883586883545,-2.2717883586883545,
11165,-1.9164055585861206,-1.957897424697876,-2.143739700317383,-2.162797689437866,-2.326263189315796,-2.8035566806793213,-2.957874298095703,-2.9688620567321777,-2.9688620567321777,-2.9688620567321777,-2.9688620567321777,-2.9688620567321777,-2.9688620567321777,-2.9688620567321777,-2.9688620567321777,-2.9688620567321777,-2.9688620567321777,-2.9688620567321777,-2.9688620567321777,
11234,-2.906431198120117,-3.018644094467163,-3.1918294429779053,-3.2345685958862305,-3.3671412467956543,-3.5354318618774414,-3.551760196685791,-3.551760196685791,-3.551760196685791,-3.552851676940918,-3.552851676940918,-3.872878074645996,-4.067608833312988,-4.074943542480469,-4.074943542480469,-4.074943542480469,-4.074943542480469,-4.074943542480469,-4.074943542480469,
11293,0.10190987586975098,0.01084446907043457,-1.028177261352539,-1.0786614418029785,-1.0968644618988037,-1.2771124839782715,-1.2771124839782715,-1.2820968627929688,-1.2836079597473145,-1.2836079597473145,-1.2836079597473145,-1.2836079597473145,-1.2836079597473145,-1.3391427993774414,-1.340580940246582,-1.340580940246582,-1.340580940246582,-1.340580940246582,-1.340580940246582,
11343,1.6844420433044434,1.0540399551391602,0.5685057640075684,0.49854087829589844,0.18647265434265137,-0.10674428939819336,-0.11670732498168945,-0.11670732498168945,-0.11670732498168945,-0.19568133354187012,-0.30628538131713867,-0.3133656978607178,-0.3133656978607178,-0.3133656978607178,-0.3133656978607178,-0.3133656978607178,-0.3133656978607178,-0.3133656978607178,-0.3133656978607178,
11369,-3.2005815505981445,-3.4441938400268555,-3.492616653442383,-3.5498971939086914,-3.742166519165039,-4.145829200744629,-4.158172607421875,-4.1617937088012695,-4.1617937088012695,-4.1617937088012695,-4.431437969207764,-4.487850189208984,-4.488754749298096,-4.488754749298096,-4.488754749298096,-4.488754749298096,-4.488754749298096,-4.488754749298096,-4.488754749298096,
11431,2.021651268005371,1.5068583488464355,1.3920564651489258,1.3920564651489258,1.3624444007873535,1.311727523803711,1.3107190132141113,1.3107190132141113,1.3107190132141113,1.3107190132141113,1.3107190132141113,1.3107190132141113,1.3107190132141113,1.3107190132141113,1.3107190132141113,1.3107190132141113,1.3107190132141113,1.3107190132141113,1.3107190132141113,
11496,-2.3221545219421387,-2.5851082801818848,-2.5851082801818848,-2.6151020526885986,-2.632920265197754,-2.8434550762176514,-2.8725595474243164,-2.873802423477173,-2.873802423477173,-2.873802423477173,-2.873802423477173,-2.965688467025757,-2.9748897552490234,-2.976996421813965,-2.976996421813965,-2.976996421813965,-2.976996421813965,-3.1232259273529053,-3.1628198623657227,
11535,-0.508155345916748,-0.9535231590270996,-1.0236833095550537,-1.4664525985717773,-1.8938751220703125,-2.2451469898223877,-2.251408576965332,-2.251408576965332,-3.062182664871216,-3.134500026702881,-3.153745412826538,-3.153745412826538,-3.153745412826538,-3.153745412826538,-3.153745412826538,-3.153745412826538,-3.153745412826538,-3.2655727863311768,-3.3363723754882812,
11569,-4.107748031616211,-4.203293800354004,-4.451924800872803,-4.562361240386963,-4.643925666809082,-4.678909778594971,-4.679078102111816,-4.681530952453613,-4.681530952453613,-4.681530952453613,-4.681530952453613,-4.681530952453613,-4.681530952453613,-4.681530952453613,-4.681530952453613,-4.719483852386475,-4.7778730392456055,-4.779190540313721,-4.779190540313721,
11608,-3.250703811645508,-3.861133575439453,-3.861133575439453,-3.861133575439453,-3.9123594760894775,-4.295792579650879,-4.3910698890686035,-4.404098033905029,-4.404098033905029,-4.404098033905029,-4.404098033905029,-4.581208229064941,-4.591670036315918,-4.591670036315918,-4.591670036315918,-4.591670036315918,-4.591670036315918,-4.591670036315918,-4.591670036315918,
11660,-5.014111042022705,-5.141334056854248,-5.4962029457092285,-5.5250043869018555,-5.6916680335998535,-5.780677795410156,-5.800507545471191,-5.800507545471191,-5.800507545471191,-5.800507545471191,-5.800507545471191,-5.800507545471191,-5.800507545471191,-5.800507545471191,-5.803974151611328,-5.803974151611328,-5.803974151611328,-5.803974151611328,-5.803974151611328,
11708,-1.4571013450622559,-1.9909406900405884,-2.033017873764038,-2.1381640434265137,-2.3225936889648438,-2.357574462890625,-2.357574462890625,-2.6009912490844727,-2.6134848594665527,-2.6147332191467285,-2.6147332191467285,-2.6147332191467285,-2.6147332191467285,-2.6147332191467285,-2.6147332191467285,-2.6147332191467285,-2.6147332191467285,-2.6147332191467285,-2.6147332191467285,
11771,-4.179423809051514,-4.73426628112793,-4.873403549194336,-5.01455020904541,-5.112436771392822,-5.187193393707275,-5.187193393707275,-5.288121700286865,-5.4389262199401855,-5.443710803985596,-5.443710803985596,-5.443710803985596,-5.443710803985596,-5.443710803985596,-5.443710803985596,-5.443710803985596,-5.443710803985596,-5.443710803985596,-5.443710803985596,
11822,-0.45040130615234375,-0.5373928546905518,-0.6584100723266602,-0.7744028568267822,-0.9390761852264404,-1.0439717769622803,-1.048060417175293,-1.1826262474060059,-1.193429708480835,-1.193429708480835,-1.193429708480835,-1.193429708480835,-1.193429708480835,-1.193429708480835,-1.193429708480835,-1.193429708480835,-1.193429708480835,-1.193429708480835,-1.193429708480835,
11871,-1.3426885604858398,-1.431408405303955,-1.6143877506256104,-1.721174955368042,-1.743058204650879,-2.083723545074463,-2.128735065460205,-2.1291515827178955,-2.1291515827178955,-2.1326727867126465,-2.135856866836548,-2.160313367843628,-2.1697211265563965,-2.1697211265563965,-2.1697211265563965,-2.3319733142852783,-2.381040573120117,-2.3854408264160156,-2.3854408264160156,
11950,-0.6972639560699463,-0.764399528503418,-0.8411877155303955,-0.8411877155303955,-0.9284312725067139,-1.0544071197509766,-1.0647931098937988,-1.0647931098937988,-1.0647931098937988,-1.0647931098937988,-1.0647931098937988,-1.0647931098937988,-1.0647931098937988,-1.0647931098937988,-1.0647931098937988,-1.0647931098937988,-1.0647931098937988,-1.0647931098937988,-1.0647931098937988,
11981,-1.2815754413604736,-1.7123236656188965,-1.7682521343231201,-2.264669179916382,-2.473043441772461,-2.5290300846099854,-2.5493690967559814,-2.7481741905212402,-2.760236978530884,-2.760236978530884,-2.919175386428833,-2.9489407539367676,-2.9489407539367676,-2.9489407539367676,-2.9489407539367676,-2.9489407539367676,-2.9489407539367676,-2.9489407539367676,-2.9489407539367676,
12040,-2.9162845611572266,-2.9162845611572266,-3.0350990295410156,-3.102360486984253,-3.172084331512451,-3.523721694946289,-3.530963897705078,-3.531310796737671,-3.531832695007324,-3.531832695007324,-3.531832695007324,-3.531832695007324,-3.531832695007324,-3.531832695007324,-3.531832695007324,-3.531832695007324,-3.531832695007324,-3.531832695007324,-3.531832695007324,
12060,-0.9885275363922119,-1.4682776927947998,-1.5599031448364258,-1.7850708961486816,-1.8551788330078125,-1.9386887550354004,-1.9406251907348633,-1.9406251907348633,-2.0686163902282715,-2.0808656215667725,-2.0808656215667725,-2.0812301635742188,-2.0812301635742188,-2.0812301635742188,-2.0812301635742188,-2.0812301635742188,-2.0812301635742188,-2.0812301635742188,-2.0812301635742188,
12139,1.1980080604553223,0.8447308540344238,0.30054235458374023,0.17214059829711914,0.12306833267211914,-0.005995273590087891,-0.009946346282958984,-0.009946346282958984,-0.009946346282958984,-0.009946346282958984,-0.009946346282958984,-0.009946346282958984,-0.009946346282958984,-0.009946346282958984,-0.14749574661254883,-0.4465494155883789,-0.5265007019042969,-0.5265007019042969,-0.5265007019042969,
