343,-1.016925573348999,-1.1247361898422241,-1.1374338865280151,-1.3040636777877808,-1.4137427806854248,-1.6592652797698975,-1.9144536256790161,-1.9166162014007568,-1.9166162014007568,-1.9166162014007568,-2.1977224349975586,-2.2365188598632812,-2.2365188598632812,-2.2365188598632812,-2.2365188598632812,-2.2365188598632812,-2.2365188598632812,-2.2365188598632812,-2.2365188598632812,
619,0.3263370990753174,0.19914031028747559,0.17180180549621582,0.10209989547729492,-0.005189657211303711,-0.027604341506958008,-0.24945759773254395,-0.2558577060699463,-0.2558577060699463,-0.2558577060699463,-0.2558577060699463,-0.2558577060699463,-0.2558577060699463,-0.4144871234893799,-0.42055773735046387,-0.42055773735046387,-0.42055773735046387,-0.42055773735046387,-0.42055773735046387,
1307,-2.424987316131592,-2.561784267425537,-2.6514840126037598,-2.664076089859009,-2.7146873474121094,-2.8430681228637695,-2.8750686645507812,-2.877183198928833,-2.877183198928833,-2.877183198928833,-2.9403581619262695,-2.9556386470794678,-2.9560842514038086,-2.9560842514038086,-2.9560842514038086,-2.9560842514038086,-2.9560842514038086,-2.9560842514038086,-3.073845386505127,
1690,-2.06534481048584,-2.2099556922912598,-2.866248607635498,-3.0017952919006348,-3.0467751026153564,-3.1434075832366943,-3.6003339290618896,-3.6273045539855957,-3.6273045539855957,-3.6273045539855957,-3.6273045539855957,-3.6273045539855957,-3.6273045539855957,-3.6273045539855957,-3.6273045539855957,-3.6273045539855957,-3.6273045539855957,-3.6273045539855957,-3.6273045539855957,
2033,-3.280398368835449,-3.4848647117614746,-4.002481937408447,-4.002481937408447,-4.0991129875183105,-4.251579761505127,-4.252970218658447,-4.252970218658447,-4.252970218658447,-4.252970218658447,-4.252970218658447,-4.252970218658447,-4.252970218658447,-4.252970218658447,-4.252970218658447,-4.252970218658447,-4.252970218658447,-4.252970218658447,-4.252970218658447,
2943,-3.7373411655426025,-3.7373411655426025,-3.872633457183838,-3.9233734607696533,-3.983520030975342,-4.278741359710693,-4.289196968078613,-4.289196968078613,-4.289196968078613,-4.289196968078613,-4.289196968078613,-4.522772312164307,-4.562496662139893,-4.562496662139893,-4.562496662139893,-4.562496662139893,-4.562496662139893,-4.562496662139893,-4.562496662139893,
3500,1.4541637897491455,1.2170512676239014,1.1898605823516846,0.9927775859832764,0.8455054759979248,0.791039228439331,0.7902343273162842,0.7902343273162842,0.7902343273162842,0.7902343273162842,0.7902343273162842,0.7902343273162842,0.7902343273162842,0.7902343273162842,0.7902343273162842,0.7902343273162842,0.7902343273162842,0.7902343273162842,0.7902343273162842,
3867,-2.0976181030273438,-2.0976181030273438,-2.215406894683838,-2.227673053741455,-2.2674267292022705,-2.476344108581543,-2.5500431060791016,-2.5500431060791016,-2.5500431060791016,-2.5500431060791016,-2.5500431060791016,-2.5500431060791016,-2.5500431060791016,-2.5500431060791016,-2.5500431060791016,-2.5500431060791016,-2.5500431060791016,-2.5500431060791016,-2.5500431060791016,
4126,-1.0861730575561523,-1.1883094310760498,-1.2389845848083496,-1.2998912334442139,-1.3295254707336426,-1.730854868888855,-1.7965965270996094,-1.7978123426437378,-1.7978123426437378,-1.7978123426437378,-1.7978123426437378,-1.7978123426437378,-1.7978123426437378,-1.7978123426437378,-1.7978123426437378,-1.7978123426437378,-1.7978123426437378,-1.7978123426437378,-1.7978123426437378,
4992,-4.780608177185059,-5.097728729248047,-5.149259090423584,-5.252241134643555,-5.275157928466797,-5.326932430267334,-5.328507423400879,-5.328507423400879,-5.328507423400879,-5.328507423400879,-5.328507423400879,-5.341116428375244,-5.345691680908203,-5.345691680908203,-5.345691680908203,-5.345691680908203,-5.345691680908203,-5.345691680908203,-5.345691680908203,
5162,-5.098955154418945,-5.541350364685059,-5.614496231079102,-5.718512535095215,-5.879690647125244,-6.341248989105225,-6.365227222442627,-6.366534233093262,-6.366534233093262,-6.366534233093262,-6.366534233093262,-6.366534233093262,-6.36668062210083,-6.36668062210083,-6.36668062210083,-6.36668062210083,-6.36668062210083,-6.36668062210083,-6.36668062210083,
5869,0.736635684967041,0.624305248260498,0.624305248260498,0.6144146919250488,0.5282418727874756,0.40789127349853516,0.39417314529418945,-0.04882407188415527,-0.09900546073913574,-0.10024905204772949,-0.10024905204772949,-0.10024905204772949,-0.10024905204772949,-0.10024905204772949,-0.10024905204772949,-0.10024905204772949,-0.10024905204772949,-0.10024905204772949,-0.10024905204772949,
6200,-2.732617139816284,-2.732617139816284,-2.7804934978485107,-2.7804934978485107,-2.8970236778259277,-3.265707015991211,-3.545623779296875,-3.555506467819214,-3.555506467819214,-3.555506467819214,-3.555506467819214,-3.5569541454315186,-3.6186957359313965,-3.6202900409698486,-3.6202900409698486,-3.6202900409698486,-3.6202900409698486,-3.6202900409698486,-3.6202900409698486,
6827,2.762718915939331,2.3042094707489014,2.3042094707489014,2.1370999813079834,2.0297858715057373,1.2024033069610596,1.0238392353057861,1.0137641429901123,1.0137641429901123,1.0137641429901123,1.0137641429901123,1.0137641429901123,1.0137641429901123,1.0137641429901123,1.0137641429901123,1.0137641429901123,1.0137641429901123,1.0137641429901123,1.0137641429901123,
7210,3.197417736053467,2.849475383758545,2.849475383758545,2.782632827758789,2.6718549728393555,2.3702406883239746,2.2488856315612793,2.2428159713745117,2.2428159713745117,2.2428159713745117,2.042649269104004,2.022465705871582,2.022465705871582,2.0216169357299805,2.0216169357299805,2.0216169357299805,2.0216169357299805,2.0216169357299805,2.0216169357299805,
7592,-3.340179920196533,-3.428025484085083,-3.48087477684021,-3.5160701274871826,-3.5167102813720703,-3.6483304500579834,-3.7096338272094727,-3.892486572265625,-3.8934638500213623,-3.8934638500213623,-3.8934638500213623,-3.8934638500213623,-3.8934638500213623,-3.914206027984619,-3.9335427284240723,-3.9335427284240723,-3.9335427284240723,-3.9335427284240723,-3.9335427284240723,
8300,-0.26871490478515625,-0.3791060447692871,-0.3872716426849365,-0.45090723037719727,-0.7787282466888428,-0.9516434669494629,-1.042720079421997,-1.058868408203125,-1.1311876773834229,-1.136631965637207,-1.136631965637207,-1.136631965637207,-1.136631965637207,-1.136631965637207,-1.136631965637207,-1.136631965637207,-1.136631965637207,-1.217179775238037,-1.217179775238037,
8510,-1.0940485000610352,-1.1299161911010742,-1.1299161911010742,-1.284535527229309,-1.617340087890625,-1.8533740043640137,-1.8572561740875244,-1.8572561740875244,-1.8572561740875244,-1.8572561740875244,-1.8572561740875244,-1.8572561740875244,-1.8572561740875244,-1.8572561740875244,-1.8572561740875244,-1.8572561740875244,-1.8572561740875244,-1.8572561740875244,-1.8572561740875244,
9336,0.40092992782592773,0.3860011100769043,0.35706377029418945,0.3295891284942627,0.1849367618560791,0.14137554168701172,0.13698482513427734,0.13698482513427734,0.13698482513427734,0.13698482513427734,0.13698482513427734,0.13698482513427734,0.13698482513427734,0.13698482513427734,0.13698482513427734,0.017337799072265625,-0.030328035354614258,-0.03561902046203613,-0.03561902046203613,
9753,-0.22339081764221191,-0.22339081764221191,-0.2517402172088623,-0.27303147315979004,-0.468369722366333,-0.5247297286987305,-0.5247583389282227,-0.5269627571105957,-0.5269627571105957,-0.5269627571105957,-0.5269627571105957,-0.5269627571105957,-0.5269627571105957,-0.6104476451873779,-0.61346435546875,-0.61346435546875,-0.61346435546875,-0.61346435546875,-0.61346435546875,
10390,-0.6767709255218506,-1.1195769309997559,-1.1195769309997559,-1.2505347728729248,-1.4905002117156982,-1.743492603302002,-1.919053077697754,-1.9244003295898438,-1.9244003295898438,-1.9244003295898438,-1.9244003295898438,-1.9244003295898438,-1.9244003295898438,-1.9244003295898438,-1.9244003295898438,-1.9244003295898438,-1.9244003295898438,-1.9244003295898438,-1.9244003295898438,
10760,-2.286332607269287,-3.0348293781280518,-3.610532760620117,-3.642695188522339,-3.7199881076812744,-3.7846322059631348,-3.787961483001709,-3.9335975646972656,-3.946549415588379,-3.946549415588379,-3.946549415588379,-3.946549415588379,-3.946549415588379,-3.946549415588379,-3.957465171813965,-3.961440086364746,-3.961440086364746,-3.961440086364746,-3.961440086364746,
11202,-1.6628329753875732,-1.8818092346191406,-1.9199166297912598,-2.1175405979156494,-2.2535133361816406,-2.4049723148345947,-2.4137697219848633,-2.5056557655334473,-2.5210483074188232,-2.5210483074188232,-2.5210483074188232,-2.5210483074188232,-2.5210483074188232,-2.5210483074188232,-2.5210483074188232,-2.5210483074188232,-2.5210483074188232,-2.5210483074188232,-2.5916881561279297,
11954,-2.504106044769287,-2.5077054500579834,-2.5077054500579834,-2.57452654838562,-2.7262332439422607,-2.905945301055908,-2.9137508869171143,-2.9137508869171143,-2.9137508869171143,-2.9137508869171143,-2.9137508869171143,-2.9137508869171143,-2.9137508869171143,-2.9137508869171143,-2.9137508869171143,-2.9137508869171143,-3.0444445610046387,-3.0711276531219482,-3.0720410346984863,
12500,-5.46457576751709,-5.612653732299805,-5.7915873527526855,-5.797606468200684,-6.0477824211120605,-6.088589191436768,-6.088589191436768,-6.088589191436768,-6.088589191436768,-6.088589191436768,-6.088589191436768,-6.088589191436768,-6.088589191436768,-6.088589191436768,-6.239672660827637,-6.462435722351074,-6.477638244628906,-6.477638244628906,-6.477638244628906,
12713,-1.3197522163391113,-1.3298931121826172,-1.6081624031066895,-1.8131422996520996,-1.9173331260681152,-2.0301809310913086,-2.0330324172973633,-2.249481201171875,-2.2618279457092285,-2.2618279457092285,-2.2618279457092285,-2.2618279457092285,-2.2618279457092285,-2.2618279457092285,-2.2618279457092285,-2.2618279457092285,-2.2618279457092285,-2.2618279457092285,-2.2618279457092285,
13135,1.8371648788452148,1.7029013633728027,1.2526812553405762,1.0504183769226074,0.9739303588867188,0.7753839492797852,0.7708063125610352,0.7708063125610352,0.7708063125610352,0.7708063125610352,0.7708063125610352,0.7708063125610352,0.7708063125610352,0.7708063125610352,0.7708063125610352,0.7708063125610352,0.7708063125610352,0.7708063125610352,0.7708063125610352,
13829,-0.3549480438232422,-0.3549480438232422,-0.45871448516845703,-0.5763261318206787,-0.6183409690856934,-0.8306920528411865,-0.8360917568206787,-0.9874563217163086,-0.9984064102172852,-1.0001370906829834,-1.0001370906829834,-1.0001370906829834,-1.0001370906829834,-1.0001370906829834,-1.0001370906829834,-1.0001370906829834,-1.0001370906829834,-1.0001370906829834,-1.0001370906829834,
14176,1.1127822399139404,0.9218924045562744,0.7973041534423828,0.764183759689331,0.7530627250671387,0.5957398414611816,0.5892057418823242,0.5892057418823242,0.5892057418823242,0.5892057418823242,0.5892057418823242,0.5892057418823242,0.5892057418823242,0.5892057418823242,0.5892057418823242,0.5892057418823242,0.5892057418823242,0.5892057418823242,0.542614221572876,
14879,-3.8738880157470703,-4.7804059982299805,-5.1626152992248535,-5.175933837890625,-5.324380874633789,-5.536906719207764,-5.681621074676514,-5.887741565704346,-6.25639533996582,-6.263942718505859,-6.263942718505859,-6.263942718505859,-6.263942718505859,-6.263942718505859,-6.263942718505859,-6.263942718505859,-6.263942718505859,-6.263942718505859,-6.263942718505859,
15149,1.3876829147338867,1.0026321411132812,1.0026321411132812,0.6790475845336914,0.5717229843139648,0.3382291793823242,0.33231067657470703,0.21365928649902344,0.20484209060668945,0.20484209060668945,0.20484209060668945,0.20484209060668945,0.20484209060668945,0.20484209060668945,0.20484209060668945,0.20484209060668945,0.20484209060668945,0.20484209060668945,0.20484209060668945,
15620,-3.382094144821167,-3.4557039737701416,-3.4955668449401855,-3.553875684738159,-3.55879545211792,-3.573739767074585,-3.573739767074585,-3.573739767074585,-3.573739767074585,-3.5740671157836914,-3.5740671157836914,-3.5740671157836914,-3.5740671157836914,-3.5740671157836914,-3.5740671157836914,-3.5740671157836914,-3.5740671157836914,-3.5740671157836914,-3.5740671157836914,
16098,-0.5391273498535156,-0.7844479084014893,-0.901167631149292,-1.0728745460510254,-1.1045048236846924,-1.532245397567749,-2.096116065979004,-2.1115574836730957,-2.116729974746704,-2.116729974746704,-2.116729974746704,-2.116729974746704,-2.116729974746704,-2.116729974746704,-2.116729974746704,-2.116729974746704,-2.116729974746704,-2.116729974746704,-2.116729974746704,
16994,-2.165181875228882,-2.355379581451416,-3.257746934890747,-3.6103262901306152,-4.0749006271362305,-4.382446765899658,-4.408885955810547,-4.408885955810547,-4.408885955810547,-4.408885955810547,-4.408885955810547,-4.408885955810547,-4.408885955810547,-4.408885955810547,-4.408885955810547,-4.408885955810547,-4.408885955810547,-4.408885955810547,-4.408885955810547,
17485,-2.084300994873047,-2.2447128295898438,-2.2765111923217773,-2.375349760055542,-2.375349760055542,-2.3943369388580322,-2.3951854705810547,-2.3951854705810547,-2.3951854705810547,-2.3951854705810547,-2.3951854705810547,-2.3955535888671875,-2.4912710189819336,-2.496058940887451,-2.496058940887451,-2.496058940887451,-2.496058940887451,-2.496058940887451,-2.496058940887451,
17950,-1.6502012014389038,-1.6593284606933594,-1.9695773124694824,-2.085610866546631,-2.104006290435791,-2.182321548461914,-2.1827802658081055,-2.1827802658081055,-2.1827802658081055,-2.1827802658081055,-2.1827802658081055,-2.1827802658081055,-2.1827802658081055,-2.1827802658081055,-2.1827802658081055,-2.1827802658081055,-2.1827802658081055,-2.1827802658081055,-2.1827802658081055,
18020,-3.374143362045288,-3.374143362045288,-3.5196309089660645,-3.641993761062622,-3.6424736976623535,-3.6622676849365234,-3.6622676849365234,-3.6622676849365234,-3.6622676849365234,-3.6622676849365234,-3.6622676849365234,-3.6622676849365234,-3.6622676849365234,-3.6622676849365234,-3.6622676849365234,-3.6622676849365234,-3.6622676849365234,-3.6622676849365234,-3.6622676849365234,
18505,-2.6194281578063965,-2.6194281578063965,-2.6885299682617188,-2.743518590927124,-2.743518590927124,-2.8497414588928223,-2.8497414588928223,-2.8497414588928223,-2.979024648666382,-2.986907958984375,-2.986907958984375,-2.986907958984375,-2.986907958984375,-2.986907958984375,-2.986907958984375,-2.986907958984375,-2.986907958984375,-2.986907958984375,-2.986907958984375,
19317,-4.401934623718262,-4.401934623718262,-4.588067054748535,-4.588067054748535,-4.778834342956543,-4.888485908508301,-4.891442775726318,-4.891442775726318,-4.891442775726318,-4.891442775726318,-4.891442775726318,-4.891442775726318,-4.891442775726318,-4.891442775726318,-4.891442775726318,-4.891442775726318,-4.891442775726318,-5.04238224029541,-5.051974773406982,
19536,-4.791635990142822,-5.414102554321289,-5.930418014526367,-5.930418014526367,-5.930418014526367,-6.143454551696777,-6.143454551696777,-6.14694881439209,-6.147348403930664,-6.147348403930664,-6.156101226806641,-6.165855407714844,-6.165855407714844,-6.165855407714844,-6.165855407714844,-6.165855407714844,-6.165855407714844,-6.246207237243652,-6.246207237243652,
20065,0.678398609161377,0.31679773330688477,0.2985825538635254,0.2985825538635254,-0.006960391998291016,-0.5248963832855225,-1.0378310680389404,-1.1749718189239502,-1.1837518215179443,-1.1837518215179443,-1.1837518215179443,-1.1837518215179443,-1.1837518215179443,-1.1837518215179443,-1.1837518215179443,-1.1837518215179443,-1.1837518215179443,-1.1837518215179443,-1.1837518215179443,
20832,-0.9466361999511719,-1.1045746803283691,-1.5669965744018555,-1.5870919227600098,-1.6387407779693604,-1.9775354862213135,-2.03408145904541,-2.03408145904541,-2.03408145904541,-2.435947895050049,-2.442938804626465,-2.442938804626465,-2.442938804626465,-2.442938804626465,-2.442938804626465,-2.442938804626465,-2.442938804626465,-2.442938804626465,-2.442938804626465,
21246,-3.9138686656951904,-3.9356260299682617,-4.51107120513916,-4.667320728302002,-4.82045841217041,-4.952218055725098,-4.9548468589782715,-4.9548468589782715,-4.9548468589782715,-4.9548468589782715,-4.9548468589782715,-4.9548468589782715,-4.9548468589782715,-4.9548468589782715,-4.9548468589782715,-4.9548468589782715,-4.9548468589782715,-4.9548468589782715,-4.9548468589782715,
21925,-2.017690658569336,-2.017690658569336,-2.4343502521514893,-2.4343502521514893,-2.517449140548706,-2.6646170616149902,-3.28540301322937,-3.392780065536499,-3.392780065536499,-3.392780065536499,-3.392780065536499,-3.392780065536499,-3.392780065536499,-3.392780065536499,-3.392780065536499,-3.392780065536499,-3.392780065536499,-3.392780065536499,-3.392780065536499,
22487,-3.230552911758423,-3.602544069290161,-4.0664472579956055,-4.097840309143066,-4.2819647789001465,-4.761011600494385,-4.766973495483398,-4.766973495483398,-4.766973495483398,-4.766973495483398,-4.766973495483398,-4.766973495483398,-4.766973495483398,-4.766973495483398,-4.766973495483398,-4.766973495483398,-5.036492347717285,-5.048584938049316,-5.048584938049316,
22748,1.3370747566223145,1.332132339477539,0.614837646484375,0.526402473449707,0.4438810348510742,0.21773219108581543,0.19590520858764648,0.19590520858764648,0.19590520858764648,0.19590520858764648,0.19590520858764648,-0.47100257873535156,-0.537480354309082,-0.5384781360626221,-0.5384781360626221,-0.5384781360626221,-0.5384781360626221,-0.5384781360626221,-0.5384781360626221,
23489,-2.493790626525879,-2.931896686553955,-2.9319801330566406,-2.972242593765259,-3.0172324180603027,-3.2810018062591553,-3.303879976272583,-3.303879976272583,-3.7317190170288086,-3.772246837615967,-3.895132064819336,-3.9132049083709717,-3.9132049083709717,-3.9132049083709717,-3.9132049083709717,-3.9132049083709717,-3.9132049083709717,-3.9132049083709717,-3.9132049083709717,
23572,-6.574590682983398,-6.644233703613281,-6.719764232635498,-6.89088249206543,-7.031247138977051,-7.09964656829834,-7.147442817687988,-7.170889377593994,-7.172537803649902,-7.172537803649902,-7.368394374847412,-7.414434432983398,-7.414434432983398,-7.414434432983398,-7.414434432983398,-7.414434432983398,-7.414434432983398,-7.414434432983398,-7.414434432983398,
24374,-1.34433913230896,-2.004979372024536,-2.0369503498077393,-2.1581363677978516,-2.3188869953155518,-2.457418441772461,-2.47628116607666,-2.4782397747039795,-2.4782397747039795,-2.4782397747039795,-2.4782397747039795,-2.4782397747039795,-2.4782397747039795,-2.4782397747039795,-2.494164228439331,-2.60388445854187,-2.6053597927093506,-2.6053597927093506,-2.6053597927093506,
24724,-2.0875959396362305,-2.137185573577881,-2.197266101837158,-2.309363842010498,-2.42533016204834,-2.775029182434082,-2.7859606742858887,-2.7859606742858887,-2.7859606742858887,-2.7859606742858887,-3.0935795307159424,-3.129532814025879,-3.1314315795898438,-3.1314315795898438,-3.1314315795898438,-3.1314315795898438,-3.1314315795898438,-3.1314315795898438,-3.1314315795898438,
25083,-2.6338281631469727,-2.69061279296875,-2.9241816997528076,-3.606832504272461,-3.606832504272461,-3.6656103134155273,-3.6656103134155273,-3.6656103134155273,-3.6656103134155273,-3.6656103134155273,-3.6656103134155273,-3.6656103134155273,-3.6656103134155273,-3.6656103134155273,-3.6656103134155273,-3.6656103134155273,-3.6656103134155273,-3.6656103134155273,-3.6656103134155273,
25508,-2.5377213954925537,-2.808156967163086,-2.808156967163086,-3.0324342250823975,-3.0982396602630615,-3.181361675262451,-3.188762903213501,-3.5658345222473145,-3.8006303310394287,-3.8530919551849365,-3.8530919551849365,-3.8530919551849365,-3.8530919551849365,-3.8530919551849365,-3.8530919551849365,-3.8530919551849365,-3.8530919551849365,-3.8530919551849365,-3.8530919551849365,
26094,-2.8150110244750977,-3.115290641784668,-3.5184576511383057,-3.5184576511383057,-3.6498982906341553,-4.048898220062256,-4.048898220062256,-4.048898220062256,-4.048898220062256,-4.048898220062256,-4.206936836242676,-4.236149787902832,-4.2382354736328125,-4.2382354736328125,-4.2382354736328125,-4.2382354736328125,-4.2382354736328125,-4.2382354736328125,-4.2382354736328125,
26594,-5.361326217651367,-6.280732154846191,-6.896956443786621,-6.896956443786621,-6.961743354797363,-7.033855438232422,-7.035985946655273,-7.035985946655273,-7.208214282989502,-7.225459098815918,-7.225459098815918,-7.225459098815918,-7.225459098815918,-7.225459098815918,-7.225459098815918,-7.225459098815918,-7.225459098815918,-7.225459098815918,-7.225459098815918,
27274,-5.25129508972168,-5.277813911437988,-5.958637237548828,-6.07676887512207,-6.126392364501953,-6.2760725021362305,-6.283304214477539,-6.283304214477539,-6.283304214477539,-6.283304214477539,-6.283304214477539,-6.311280250549316,-6.567202568054199,-6.572634696960449,-6.575217247009277,-6.575217247009277,-6.575217247009277,-6.575217247009277,-6.575217247009277,
27751,-5.160731792449951,-5.350113391876221,-5.439854145050049,-5.689085960388184,-5.720672607421875,-5.8346028327941895,-5.892366409301758,-5.944273471832275,-5.94547176361084,-5.94547176361084,-5.94547176361084,-5.94547176361084,-5.968733787536621,-6.076426982879639,-6.077510833740234,-6.077510833740234,-6.077510833740234,-6.077510833740234,-6.077510833740234,
28308,3.1221835613250732,2.7294719219207764,2.6312568187713623,2.4814059734344482,2.2785909175872803,1.9026515483856201,1.8882911205291748,1.8882911205291748,1.8882911205291748,1.8882911205291748,1.8882911205291748,1.5376474857330322,1.3853766918182373,1.3834164142608643,1.3834164142608643,1.3834164142608643,1.3834164142608643,1.3834164142608643,1.3834164142608643,
28945,-3.6145427227020264,-3.6335806846618652,-3.645657539367676,-3.7063181400299072,-3.7986536026000977,-4.029608726501465,-4.063704490661621,-4.063704490661621,-4.063704490661621,-4.063704490661621,-4.17896032333374,-4.22808313369751,-4.231572151184082,-4.231572151184082,-4.231572151184082,-4.231572151184082,-4.231572151184082,-4.231572151184082,-4.231572151184082,
29272,-5.6239013671875,-5.772381782531738,-6.062474250793457,-6.161920547485352,-6.298449516296387,-6.542164325714111,-6.624195098876953,-6.758934497833252,-6.799809455871582,-6.799809455871582,-6.799809455871582,-6.799809455871582,-6.802002429962158,-6.802504539489746,-6.802504539489746,-6.8037848472595215,-6.8037848472595215,-6.8037848472595215,-6.8037848472595215,
29995,2.6339762210845947,2.248581647872925,2.1855170726776123,2.1567189693450928,2.051917314529419,1.976710557937622,1.9438555240631104,1.870021104812622,1.8654577732086182,1.8654577732086182,1.8654577732086182,1.8654577732086182,1.8654577732086182,1.8654577732086182,1.8654577732086182,1.8654577732086182,1.8654577732086182,1.8654577732086182,1.8654577732086182,
30252,-1.7779101133346558,-2.1025235652923584,-2.2956979274749756,-2.3116567134857178,-2.442169666290283,-2.6719374656677246,-2.679741859436035,-2.679741859436035,-2.679741859436035,-2.679741859436035,-2.679741859436035,-2.679741859436035,-2.679741859436035,-2.679741859436035,-2.679741859436035,-2.679741859436035,-2.679741859436035,-2.679741859436035,-2.679741859436035,
30895,-2.133207321166992,-2.270176649093628,-2.333588123321533,-2.4146227836608887,-2.476715326309204,-2.7975802421569824,-2.906674861907959,-2.927298069000244,-3.0581893920898438,-3.06227970123291,-3.06227970123291,-3.06227970123291,-3.06227970123291,-3.06227970123291,-3.06227970123291,-3.06227970123291,-3.06227970123291,-3.06227970123291,-3.06227970123291,
31211,-2.161649703979492,-2.6249570846557617,-2.6673882007598877,-2.692492961883545,-2.7207484245300293,-2.7964210510253906,-2.8931338787078857,-2.8995559215545654,-2.8995559215545654,-2.8995559215545654,-2.8995559215545654,-2.8995559215545654,-2.8995559215545654,-2.8995559215545654,-3.016491413116455,-3.0528829097747803,-3.0528829097747803,-3.0528829097747803,-3.0528829097747803,
31555,-3.937114953994751,-3.937114953994751,-4.109882354736328,-4.204129695892334,-4.221254348754883,-4.353682041168213,-4.358697891235352,-4.358697891235352,-4.558772087097168,-4.573944091796875,-4.573944091796875,-4.573944091796875,-4.573944091796875,-4.573944091796875,-4.574757099151611,-4.574757099151611,-4.574757099151611,-4.574757099151611,-4.574757099151611,
32337,1.3729634284973145,-0.28365516662597656,-0.39263081550598145,-0.395766019821167,-0.9195237159729004,-1.4432168006896973,-1.4551770687103271,-1.4551770687103271,-1.4551770687103271,-1.4551770687103271,-1.4551770687103271,-1.4551770687103271,-1.4551770687103271,-1.4551770687103271,-1.4551770687103271,-1.7119756937026978,-1.7249826192855835,-1.7249826192855835,-1.7249826192855835,
32924,0.15443158149719238,0.1318507194519043,0.039595842361450195,-0.24184775352478027,-0.40326452255249023,-0.963573694229126,-1.0223619937896729,-1.023559331893921,-1.023559331893921,-1.023559331893921,-1.023559331893921,-1.023559331893921,-1.023559331893921,-1.023559331893921,-1.023559331893921,-1.023559331893921,-1.023559331893921,-1.023559331893921,-1.023559331893921,
33313,-0.9071226119995117,-1.1994562149047852,-1.7109498977661133,-1.7109498977661133,-1.7382760047912598,-2.0307886600494385,-2.084885358810425,-2.089669704437256,-2.089669704437256,-2.1293256282806396,-2.606729745864868,-2.630699634552002,-2.6312079429626465,-2.6312079429626465,-2.6312079429626465,-2.6312079429626465,-2.6312079429626465,-2.6312079429626465,-2.6312079429626465,
33718,-2.575810432434082,-2.575810432434082,-3.0516774654388428,-3.3568053245544434,-3.54217529296875,-3.7256622314453125,-3.7338314056396484,-3.7338314056396484,-3.7338314056396484,-3.7338314056396484,-3.7338314056396484,-3.7338314056396484,-3.7338314056396484,-3.7338314056396484,-3.7338314056396484,-3.7338314056396484,-3.7338314056396484,-3.968689203262329,-3.998171329498291,
34438,1.3814754486083984,1.0400471687316895,0.9711995124816895,0.9711995124816895,0.8917522430419922,0.3311328887939453,0.24052000045776367,0.18872761726379395,0.1876976490020752,0.17434382438659668,0.17434382438659668,0.17434382438659668,0.17434382438659668,0.17434382438659668,0.17434382438659668,0.17434382438659668,0.17434382438659668,0.17434382438659668,0.17434382438659668,
34947,-0.556654691696167,-0.7383646965026855,-1.2643910646438599,-1.3215922117233276,-1.5294023752212524,-1.7900168895721436,-1.7944244146347046,-1.7944244146347046,-1.7944244146347046,-1.7944244146347046,-1.7944244146347046,-1.7944244146347046,-1.7944244146347046,-1.7944244146347046,-1.7944244146347046,-1.7944244146347046,-1.7944244146347046,-1.7944244146347046,-1.7944244146347046,
35214,-2.0332188606262207,-3.004136323928833,-3.4306697845458984,-3.617640972137451,-4.222869873046875,-4.396028995513916,-4.400157928466797,-4.400157928466797,-4.400157928466797,-4.400157928466797,-4.400157928466797,-4.400157928466797,-4.400157928466797,-4.400157928466797,-4.400157928466797,-4.400157928466797,-4.400157928466797,-4.400157928466797,-4.400157928466797,
35730,4.157495975494385,4.054710865020752,3.8661680221557617,3.8403310775756836,3.803171157836914,3.392444133758545,3.3865890502929688,3.2040038108825684,3.1537909507751465,3.14365291595459,3.14365291595459,3.14365291595459,3.14365291595459,3.14365291595459,3.14365291595459,3.14365291595459,3.14365291595459,3.14365291595459,3.14365291595459,
36322,1.2156453132629395,0.16276121139526367,0.12070417404174805,-0.4109172821044922,-0.4109172821044922,-0.6850779056549072,-0.6965420246124268,-0.6965420246124268,-0.6974484920501709,-0.6974484920501709,-0.6974484920501709,-0.6974484920501709,-0.7151439189910889,-0.8237442970275879,-0.832449197769165,-0.832449197769165,-0.832449197769165,-0.832449197769165,-0.832449197769165,
36650,-3.3963546752929688,-3.4747390747070312,-3.7799811363220215,-3.8536410331726074,-3.9075911045074463,-4.12122106552124,-4.130047798156738,-4.130047798156738,-4.130047798156738,-4.130047798156738,-4.130047798156738,-4.130047798156738,-4.226930618286133,-4.255330562591553,-4.371698379516602,-4.372971534729004,-4.372971534729004,-4.372971534729004,-4.372971534729004,
37116,-3.408780336380005,-3.667401075363159,-3.9648795127868652,-4.078340530395508,-4.269266128540039,-4.713788032531738,-4.743237018585205,-4.7473649978637695,-4.7473649978637695,-4.7473649978637695,-4.7473649978637695,-4.7473649978637695,-4.838097095489502,-4.880342483520508,-4.882824420928955,-4.882824420928955,-4.882824420928955,-4.882824420928955,-4.882824420928955,
37969,-1.5370328426361084,-2.1348774433135986,-2.4352169036865234,-3.2329964637756348,-3.2421071529388428,-3.4533731937408447,-3.469881296157837,-3.469881296157837,-3.469881296157837,-3.469881296157837,-3.469881296157837,-3.469881296157837,-3.469881296157837,-3.469881296157837,-3.469881296157837,-3.598503589630127,-3.6017348766326904,-3.6017348766326904,-3.6017348766326904,
38378,-1.3236838579177856,-1.8590222597122192,-1.9230692386627197,-1.9230692386627197,-2.0738396644592285,-2.9086289405822754,-3.016068458557129,-3.0226845741271973,-3.0226845741271973,-3.0226845741271973,-3.0226845741271973,-3.0226845741271973,-3.0226845741271973,-3.0226845741271973,-3.0226845741271973,-3.0226845741271973,-3.0226845741271973,-3.0226845741271973,-3.0226845741271973,
38888,-1.0231378078460693,-1.0231378078460693,-1.0910027027130127,-1.2096707820892334,-1.3382821083068848,-1.4037518501281738,-1.4099302291870117,-1.7856950759887695,-1.8180246353149414,-1.8180246353149414,-1.8180246353149414,-1.8180246353149414,-1.8180246353149414,-1.8180246353149414,-1.8180246353149414,-1.8180246353149414,-1.8180246353149414,-1.8180246353149414,-1.8180246353149414,
39104,-1.8552194833755493,-1.961005449295044,-2.0148024559020996,-2.0277163982391357,-2.143219470977783,-2.32442569732666,-2.417165756225586,-2.4242429733276367,-2.4242429733276367,-2.4242429733276367,-2.4242429733276367,-2.501039505004883,-2.5163252353668213,-2.5163252353668213,-2.5163252353668213,-2.5163252353668213,-2.5163252353668213,-2.5163252353668213,-2.5163252353668213,
39925,1.5229682922363281,1.5104951858520508,1.010655403137207,0.6195976734161377,0.5676181316375732,0.3933553695678711,0.39022159576416016,0.39022159576416016,0.366194486618042,0.1474156379699707,0.1409926414489746,0.1409926414489746,0.1409926414489746,0.1409926414489746,0.1409926414489746,0.1409926414489746,0.1409926414489746,0.1409926414489746,0.1409926414489746,
40222,-3.9260377883911133,-4.000374794006348,-4.036569595336914,-4.32282829284668,-4.361612796783447,-4.375358581542969,-4.375358581542969,-4.375358581542969,-4.375358581542969,-4.683239936828613,-4.704652309417725,-4.704652309417725,-4.704652309417725,-4.704652309417725,-4.704652309417725,-4.704652309417725,-4.704652309417725,-4.704652309417725,-4.704652309417725,
40934,-4.5127081871032715,-4.541732311248779,-4.895205020904541,-4.936653137207031,-5.014528274536133,-5.236508369445801,-5.237639427185059,-5.237639427185059,-5.5373125076293945,-5.569642066955566,-5.571311950683594,-5.571311950683594,-5.571311950683594,-5.571311950683594,-5.571311950683594,-5.571311950683594,-5.571311950683594,-5.5725531578063965,-5.57272481918335,
41110,1.510911464691162,0.975257396697998,0.8839626312255859,0.8689970970153809,0.8070101737976074,0.6645102500915527,0.6628880500793457,0.6628880500793457,0.6628880500793457,0.6622939109802246,0.6622939109802246,0.6622939109802246,0.6622939109802246,0.6622939109802246,0.6622939109802246,0.6622939109802246,0.6622939109802246,0.6622939109802246,0.6622939109802246,
41918,-4.284424781799316,-4.404486656188965,-4.473505020141602,-4.5736308097839355,-4.5736308097839355,-4.772644519805908,-4.777722358703613,-4.953398704528809,-4.955677032470703,-4.955677032470703,-4.955677032470703,-4.955677032470703,-4.955677032470703,-4.955677032470703,-4.955677032470703,-4.955677032470703,-4.955677032470703,-4.955677032470703,-4.955677032470703,
42257,-3.7496566772460938,-4.249940872192383,-4.374814033508301,-4.556490421295166,-4.604618072509766,-4.953363418579102,-4.965368270874023,-4.965368270874023,-5.104720115661621,-5.143905162811279,-5.147397994995117,-5.147397994995117,-5.147397994995117,-5.147397994995117,-5.147397994995117,-5.147397994995117,-5.147397994995117,-5.172246932983398,-5.174016952514648,
42554,-3.8418056964874268,-3.90567684173584,-4.364091396331787,-4.571480751037598,-5.02597188949585,-5.141656875610352,-5.149754047393799,-5.1504364013671875,-5.1504364013671875,-5.42968225479126,-5.463996410369873,-5.463996410369873,-5.463996410369873,-5.463996410369873,-5.463996410369873,-5.463996410369873,-5.463996410369873,-5.463996410369873,-5.463996410369873,
43147,-1.8031091690063477,-1.8290131092071533,-2.6492557525634766,-2.746438980102539,-2.931149959564209,-2.993007183074951,-3.0019211769104004,-3.300570487976074,-3.3152871131896973,-3.3152871131896973,-3.315800189971924,-3.315800189971924,-3.315800189971924,-3.315800189971924,-3.315800189971924,-3.315800189971924,-3.315800189971924,-3.315800189971924,-3.315800189971924,
43947,-2.9037694931030273,-3.281068801879883,-3.587857961654663,-3.587857961654663,-3.654582977294922,-3.803065538406372,-3.8200221061706543,-3.8200221061706543,-3.8200221061706543,-3.8200221061706543,-3.8200221061706543,-3.8200221061706543,-3.8200221061706543,-3.8200221061706543,-3.8200221061706543,-3.8200221061706543,-3.8200221061706543,-3.8200221061706543,-3.8200221061706543,
44042,1.1556992530822754,0.34799933433532715,0.34799933433532715,0.017871856689453125,0.0030918121337890625,-0.08986926078796387,-0.09287309646606445,-0.17760920524597168,-0.2546114921569824,-0.2546114921569824,-0.2546114921569824,-0.2546114921569824,-0.2546114921569824,-0.2546114921569824,-0.2546114921569824,-0.2546114921569824,-0.2546114921569824,-0.2546114921569824,-0.2546114921569824,
44755,-0.5058095455169678,-0.9209593534469604,-0.9552502632141113,-1.0183918476104736,-1.0767604112625122,-1.327378749847412,-1.416664481163025,-1.642751932144165,-1.7515525817871094,-1.7607288360595703,-1.7607288360595703,-1.7607288360595703,-1.7607288360595703,-1.7607288360595703,-1.7607288360595703,-1.7607288360595703,-1.7607288360595703,-1.7607288360595703,-1.7607288360595703,
45394,-3.162590980529785,-3.187847375869751,-3.22054123878479,-3.369657278060913,-3.3714187145233154,-3.6795504093170166,-3.6901347637176514,-3.6901347637176514,-3.6901347637176514,-3.6901347637176514,-3.6901347637176514,-3.6901347637176514,-3.6901347637176514,-3.6901347637176514,-3.6923322677612305,-3.6923322677612305,-3.6923322677612305,-3.6923322677612305,-3.6923322677612305,
45542,-2.4500157833099365,-2.4500157833099365,-2.5739598274230957,-2.5981311798095703,-2.68636417388916,-3.1227529048919678,-3.1365966796875,-3.1365966796875,-3.1365966796875,-3.1365966796875,-3.1365966796875,-3.1365966796875,-3.1365966796875,-3.1365966796875,-3.1365966796875,-3.1365966796875,-3.1365966796875,-3.1365966796875,-3.1365966796875,
46054,-4.6327009201049805,-4.9875030517578125,-5.300804138183594,-5.550389289855957,-5.721888542175293,-6.009491443634033,-6.060777187347412,-6.060777187347412,-6.060777187347412,-6.060777187347412,-6.060777187347412,-6.060777187347412,-6.060777187347412,-6.060777187347412,-6.060777187347412,-6.060777187347412,-6.090976715087891,-6.111578464508057,-6.111578464508057,
46894,0.616330623626709,0.13761329650878906,0.13761329650878906,0.07634878158569336,0.05873727798461914,0.015897750854492188,0.015897750854492188,0.015897750854492188,-0.14681148529052734,-0.24133634567260742,-0.2456035614013672,-0.2456035614013672,-0.2456035614013672,-0.2456035614013672,-0.2456035614013672,-0.2456035614013672,-0.2456035614013672,-0.2456035614013672,-0.2456035614013672,
47233,0.8201084136962891,0.8201084136962891,0.6816854476928711,0.6350030899047852,0.6045107841491699,0.49793243408203125,0.49615001678466797,0.49615001678466797,0.49615001678466797,0.49615001678466797,0.49615001678466797,0.3191101551055908,0.2876279354095459,0.2876279354095459,0.2876279354095459,0.2876279354095459,0.2876279354095459,0.2876279354095459,0.2876279354095459,
47893,0.8317344188690186,0.20365524291992188,0.025908231735229492,-0.5134046077728271,-0.5611605644226074,-0.632706880569458,-0.632706880569458,-0.632706880569458,-0.632706880569458,-0.632706880569458,-0.632706880569458,-0.632706880569458,-0.632706880569458,-0.632706880569458,-0.632706880569458,-0.632706880569458,-0.632706880569458,-0.632706880569458,-0.632706880569458,
48029,-1.857024073600769,-2.091470956802368,-2.20766282081604,-2.20766282081604,-2.219672918319702,-2.2545182704925537,-2.2545182704925537,-2.2545182704925537,-2.2545182704925537,-2.2545182704925537,-2.2545182704925537,-2.2545182704925537,-2.2545182704925537,-2.2545182704925537,-2.4123072624206543,-2.4221549034118652,-2.4221549034118652,-2.4221549034118652,-2.4221549034118652,
48700,1.6393623352050781,1.6238856315612793,1.187185287475586,1.0076475143432617,0.8714354038238525,0.7977080345153809,0.794898271560669,0.794898271560669,0.794898271560669,0.794898271560669,0.794898271560669,0.794898271560669,0.794898271560669,0.794898271560669,0.6524786949157715,0.6456325054168701,0.6421880722045898,0.6421880722045898,0.6421880722045898,
49015,-0.29535770416259766,-0.9952969551086426,-1.2029643058776855,-1.2722463607788086,-1.3255678415298462,-1.5044081211090088,-1.509739637374878,-1.5243959426879883,-1.6824415922164917,-1.6861233711242676,-1.9381327629089355,-2.014101982116699,-2.0183258056640625,-2.0183258056640625,-2.0183258056640625,-2.0183258056640625,-2.0183258056640625,-2.0183258056640625,-2.0183258056640625,
49656,1.742842197418213,1.6296544075012207,1.4203505516052246,1.330066204071045,1.318232536315918,1.1673779487609863,1.1560239791870117,1.1560239791870117,1.1560239791870117,1.1560239791870117,1.1560239791870117,1.1560239791870117,1.1560239791870117,1.1560239791870117,1.1560239791870117,1.1560239791870117,1.1560239791870117,1.1560239791870117,1.1560239791870117,
