41,3.270881175994873,3.057206153869629,2.899064540863037,2.8138833045959473,2.711521625518799,2.62753963470459,2.6094870567321777,2.6094870567321777,2.6094870567321777,2.2424468994140625,2.196328639984131,2.193953514099121,2.193953514099121,2.193953514099121,2.193953514099121,2.193953514099121,2.193953514099121,2.193953514099121,2.193953514099121,
76,3.816321849822998,3.0453643798828125,2.678525447845459,2.0916390419006348,1.90216064453125,1.605595588684082,1.5750212669372559,1.5750212669372559,1.5750212669372559,1.5750212669372559,1.5750212669372559,1.5750212669372559,1.5750212669372559,1.5750212669372559,1.5750212669372559,1.5750212669372559,1.5750212669372559,1.5750212669372559,1.5750212669372559,
144,0.6814353466033936,0.653557538986206,0.3772006034851074,0.17146992683410645,-0.03152346611022949,-0.3132350444793701,-0.33885717391967773,-0.33885717391967773,-0.8490135669708252,-1.05288827419281,-1.06243896484375,-1.06243896484375,-1.06243896484375,-1.06243896484375,-1.06243896484375,-1.06243896484375,-1.06243896484375,-1.06243896484375,-1.06243896484375,
157,0.10337257385253906,0.10337257385253906,-0.04142618179321289,-0.687497615814209,-0.687497615814209,-0.7846086025238037,-0.7872703075408936,-0.7872703075408936,-0.7872703075408936,-0.7872703075408936,-0.7872703075408936,-0.7872703075408936,-0.7872703075408936,-0.9532403945922852,-0.9649547338485718,-0.9649547338485718,-0.9649547338485718,-0.9649547338485718,-0.9649547338485718,
245,-1.2155799865722656,-1.2155799865722656,-1.4674608707427979,-1.4689985513687134,-1.5459747314453125,-2.0599207878112793,-2.0648508071899414,-2.151294708251953,-2.174060344696045,-2.174060344696045,-2.174060344696045,-2.174060344696045,-2.174060344696045,-2.174060344696045,-2.174060344696045,-2.174060344696045,-2.174060344696045,-2.174060344696045,-2.174060344696045,
273,-6.4047088623046875,-6.5937113761901855,-6.775732517242432,-6.848301410675049,-6.94936466217041,-7.008243560791016,-7.00953483581543,-7.00953483581543,-7.00953483581543,-7.00953483581543,-7.00953483581543,-7.00953483581543,-7.00953483581543,-7.00953483581543,-7.00953483581543,-7.00953483581543,-7.00953483581543,-7.00953483581543,-7.00953483581543,
326,-2.279146671295166,-2.3470444679260254,-2.5671842098236084,-2.579514503479004,-2.6008243560791016,-2.6398801803588867,-2.640866279602051,-2.640866279602051,-2.640866279602051,-2.900704860687256,-2.915705680847168,-2.915705680847168,-2.915705680847168,-2.915705680847168,-3.0467286109924316,-3.0506865978240967,-3.0506865978240967,-3.0506865978240967,-3.0506865978240967,
399,0.3059999942779541,0.26032447814941406,-0.017728805541992188,-0.028280019760131836,-0.06478190422058105,-0.1285543441772461,-0.13040566444396973,-0.17592573165893555,-0.3186330795288086,-0.322279691696167,-0.3337855339050293,-0.47228527069091797,-0.4753720760345459,-0.4753720760345459,-0.4753720760345459,-0.4753720760345459,-0.4753720760345459,-0.4753720760345459,-0.4753720760345459,
436,-1.700702428817749,-2.23776912689209,-2.695666790008545,-2.8667876720428467,-2.9802558422088623,-3.5434014797210693,-3.6220760345458984,-3.624681234359741,-3.624681234359741,-3.624681234359741,-3.624681234359741,-3.624681234359741,-3.624681234359741,-3.624681234359741,-3.624681234359741,-3.624681234359741,-3.624681234359741,-3.624681234359741,-3.624681234359741,
474,0.9515666961669922,0.8171710968017578,0.35060787200927734,0.1535196304321289,0.14966869354248047,-0.13389134407043457,-0.14891481399536133,-0.14891481399536133,-0.14891481399536133,-0.14891481399536133,-1.081800937652588,-1.1692619323730469,-1.1791436672210693,-1.1791436672210693,-1.1791436672210693,-1.1791436672210693,-1.1791436672210693,-1.1791436672210693,-1.1791436672210693,
546,-1.540611743927002,-1.579928994178772,-1.941827416419983,-2.222714424133301,-2.2811903953552246,-2.7574362754821777,-2.7678492069244385,-2.7680344581604004,-2.9946115016937256,-3.0043368339538574,-3.0043368339538574,-3.0043368339538574,-3.0043368339538574,-3.0043368339538574,-3.0043368339538574,-3.0043368339538574,-3.0043368339538574,-3.0043368339538574,-3.0043368339538574,
586,1.0358459949493408,0.7688682079315186,0.6920554637908936,0.5461623668670654,0.5293281078338623,0.4966127872467041,0.4966127872467041,0.4966127872467041,0.15260696411132812,0.012463569641113281,0.008539676666259766,0.008539676666259766,0.008539676666259766,0.008539676666259766,0.008539676666259766,0.008539676666259766,0.008539676666259766,0.008539676666259766,0.008539676666259766,
639,0.36482858657836914,0.35928988456726074,0.11737895011901855,0.11737895011901855,0.06354928016662598,-0.0037059783935546875,-0.04647231101989746,-0.06230282783508301,-0.06230282783508301,-0.06230282783508301,-0.06230282783508301,-0.06230282783508301,-0.06230282783508301,-0.06230282783508301,-0.06230282783508301,-0.06230282783508301,-0.06230282783508301,-0.06230282783508301,-0.06230282783508301,
661,-0.3427734375,-0.8613216876983643,-0.8613216876983643,-0.8887085914611816,-0.9499101638793945,-1.0640926361083984,-1.069582223892212,-1.069582223892212,-1.069582223892212,-1.069582223892212,-1.069582223892212,-1.0975027084350586,-1.102513074874878,-1.102513074874878,-1.102513074874878,-1.102513074874878,-1.102513074874878,-1.102513074874878,-1.102513074874878,
737,-6.181761741638184,-6.181761741638184,-6.28466796875,-6.28466796875,-6.376840114593506,-6.726553916931152,-6.733511924743652,-6.733511924743652,-6.733511924743652,-6.733511924743652,-6.733511924743652,-6.733511924743652,-6.733511924743652,-6.978117942810059,-6.994297027587891,-6.994297027587891,-6.994297027587891,-6.99714469909668,-6.99714469909668,
776,0.8454360961914062,0.8111505508422852,0.601987361907959,0.5239758491516113,0.5048966407775879,0.2515692710876465,0.08103680610656738,0.0702826976776123,0.0702826976776123,0.0702826976776123,0.0702826976776123,0.0702826976776123,0.0702826976776123,0.0702826976776123,0.0702826976776123,0.0702826976776123,0.0702826976776123,0.0702826976776123,0.0702826976776123,
836,1.4687449932098389,1.3684542179107666,1.3684542179107666,0.9884727001190186,0.7411162853240967,0.645089864730835,0.6385114192962646,0.6385114192962646,0.6385114192962646,0.5380055904388428,0.5343377590179443,0.5343377590179443,0.5343377590179443,0.5343377590179443,0.5343377590179443,0.5343377590179443,0.5343377590179443,0.3568599224090576,0.35562896728515625,
869,-4.516110897064209,-5.0726318359375,-5.5292792320251465,-5.582849502563477,-5.739195823669434,-5.818032741546631,-5.824439525604248,-6.059238433837891,-6.098453521728516,-6.186061859130859,-6.190679550170898,-6.190679550170898,-6.190679550170898,-6.190679550170898,-6.190679550170898,-6.190679550170898,-6.190679550170898,-6.190679550170898,-6.24296236038208,
911,-0.35663843154907227,-0.7418463230133057,-0.9865758419036865,-1.181152582168579,-1.2234761714935303,-1.3018605709075928,-1.3961455821990967,-1.522597074508667,-1.522597074508667,-1.522597074508667,-1.522597074508667,-1.522597074508667,-1.522597074508667,-1.522597074508667,-1.522597074508667,-1.522597074508667,-2.0800342559814453,-2.2316038608551025,-2.2340588569641113,
987,1.7541613578796387,1.6846952438354492,1.137770652770996,1.1259641647338867,0.7324810028076172,0.6728296279907227,0.6707141399383545,0.6707141399383545,0.6707141399383545,0.6707141399383545,0.6707141399383545,0.6707141399383545,0.6707141399383545,0.6707141399383545,0.6707141399383545,0.6707141399383545,0.5450260639190674,0.4837989807128906,0.48015475273132324,
1025,-0.1950058937072754,-0.7856478691101074,-0.7856478691101074,-0.8022403717041016,-0.8387293815612793,-0.9065907001495361,-1.1168859004974365,-1.4161877632141113,-1.423954963684082,-1.4247159957885742,-1.4247159957885742,-1.4247159957885742,-1.4247159957885742,-1.4247159957885742,-1.4247159957885742,-1.4247159957885742,-1.4247159957885742,-1.4247159957885742,-1.4247159957885742,
1128,1.049802541732788,1.049802541732788,0.8120894432067871,0.7956151962280273,0.7721350193023682,0.17376923561096191,0.10842728614807129,0.10842728614807129,0.10842728614807129,0.10842728614807129,-0.023361921310424805,-0.29171204566955566,-0.2936832904815674,-0.2936832904815674,-0.2936832904815674,-0.2936832904815674,-0.2936832904815674,-0.2936832904815674,-0.2936832904815674,
1178,-1.7596954107284546,-2.0105743408203125,-2.0105743408203125,-2.4227824211120605,-2.4531054496765137,-2.7166504859924316,-2.7625808715820312,-2.7625808715820312,-2.7625808715820312,-2.7625808715820312,-2.7625808715820312,-2.7625808715820312,-2.7625808715820312,-2.7625808715820312,-2.7625808715820312,-2.7625808715820312,-2.7625808715820312,-2.7625808715820312,-2.7625808715820312,
1216,3.662451982498169,3.4641497135162354,3.4641497135162354,3.3678481578826904,3.350428342819214,2.9925973415374756,2.9724395275115967,2.969461679458618,2.969461679458618,2.969461679458618,2.969461679458618,2.969461679458618,2.969461679458618,2.969461679458618,2.969461679458618,2.969461679458618,2.969461679458618,2.969461679458618,2.969461679458618,
1262,1.8018097877502441,1.6105308532714844,1.5331649780273438,1.3667182922363281,1.109449863433838,0.7739143371582031,0.7685284614562988,0.7685284614562988,0.7685284614562988,0.7685284614562988,0.7685284614562988,0.7685284614562988,0.7685284614562988,0.7685284614562988,0.7685284614562988,0.7685284614562988,0.7685284614562988,0.7685284614562988,0.7685284614562988,
1344,-1.6561055183410645,-1.6935646533966064,-1.6935646533966064,-1.9050112962722778,-1.971572995185852,-2.118509292602539,-2.1248955726623535,-2.1248955726623535,-2.1248955726623535,-2.1248955726623535,-2.1248955726623535,-2.1248955726623535,-2.1248955726623535,-2.1248955726623535,-2.1248955726623535,-2.1248955726623535,-2.1248955726623535,-2.1248955726623535,-2.158668041229248,
1389,-3.6469197273254395,-4.011223793029785,-4.025300979614258,-4.318489074707031,-4.5423784255981445,-5.329314231872559,-5.436285972595215,-5.440357208251953,-5.440357208251953,-5.440357208251953,-5.440357208251953,-5.440357208251953,-5.440357208251953,-5.440357208251953,-5.440357208251953,-5.440357208251953,-5.440357208251953,-5.440357208251953,-5.440357208251953,
1409,-5.943936347961426,-6.172933578491211,-6.294763565063477,-6.363775253295898,-6.384439468383789,-6.564390659332275,-6.568665504455566,-6.568665504455566,-6.568665504455566,-6.568665504455566,-6.568665504455566,-6.568665504455566,-6.568665504455566,-6.568665504455566,-6.568665504455566,-6.568665504455566,-6.568665504455566,-6.568665504455566,-6.568665504455566,
1451,4.05743932723999,3.4505343437194824,3.274075984954834,3.0623626708984375,2.8980445861816406,2.8701205253601074,2.8698525428771973,2.8698525428771973,2.8698525428771973,2.8698525428771973,2.8698525428771973,2.7915968894958496,2.7468347549438477,2.7446842193603516,2.7446842193603516,2.7446842193603516,2.7331385612487793,2.619509220123291,2.6143412590026855,
1504,-0.7764759063720703,-0.848160982131958,-1.5226709842681885,-1.5226709842681885,-1.5436275005340576,-1.6042203903198242,-1.610092043876648,-1.610092043876648,-1.610092043876648,-1.610092043876648,-1.610092043876648,-1.610092043876648,-1.7305680513381958,-1.8395837545394897,-1.8417408466339111,-1.8417408466339111,-1.8417408466339111,-1.8417408466339111,-1.8417408466339111,
