41,3.270881175994873,3.057206153869629,2.899064540863037,2.8138833045959473,2.711521625518799,2.625460624694824,2.618712902069092,2.618712902069092,2.618712902069092,2.5467820167541504,2.1978259086608887,2.194070339202881,2.194070339202881,2.194070339202881,2.194070339202881,2.194070339202881,2.194070339202881,2.194070339202881,2.194070339202881,
76,3.816321849822998,3.0453643798828125,2.678525447845459,2.0916390419006348,1.90216064453125,1.605595588684082,1.5750212669372559,1.5750212669372559,1.5750212669372559,1.5750212669372559,1.5750212669372559,1.5750212669372559,1.5750212669372559,1.5750212669372559,1.5750212669372559,1.5750212669372559,1.5750212669372559,1.5750212669372559,1.5750212669372559,
144,0.6814353466033936,0.653557538986206,0.3772006034851074,0.17146992683410645,-0.03152346611022949,-0.3132350444793701,-0.3389310836791992,-0.3389310836791992,-0.8490135669708252,-1.0526608228683472,-1.0665347576141357,-1.0665347576141357,-1.0665347576141357,-1.0665347576141357,-1.0665347576141357,-1.0665347576141357,-1.0665347576141357,-1.0665347576141357,-1.0665347576141357,
157,0.10337257385253906,0.10337257385253906,-0.04142618179321289,-0.687497615814209,-0.687497615814209,-0.7846086025238037,-0.7872703075408936,-0.7872703075408936,-0.7872703075408936,-0.7872703075408936,-0.7872703075408936,-0.7872703075408936,-0.7872703075408936,-0.9511587619781494,-0.9637571573257446,-0.9637571573257446,-0.9637571573257446,-0.9637571573257446,-0.9637571573257446,
245,-1.2155799865722656,-1.2155799865722656,-1.4674608707427979,-1.4689985513687134,-1.5459747314453125,-2.0599207878112793,-2.1059014797210693,-2.1667778491973877,-2.174252986907959,-2.174252986907959,-2.174252986907959,-2.174252986907959,-2.174252986907959,-2.174252986907959,-2.174252986907959,-2.174252986907959,-2.174252986907959,-2.174252986907959,-2.174252986907959,
273,-6.4047088623046875,-6.5937113761901855,-6.7744951248168945,-6.848066329956055,-6.949408531188965,-7.008243560791016,-7.010004043579102,-7.010004043579102,-7.010004043579102,-7.010004043579102,-7.010004043579102,-7.010004043579102,-7.010004043579102,-7.010004043579102,-7.010004043579102,-7.010004043579102,-7.010004043579102,-7.010004043579102,-7.010004043579102,
326,-2.279146671295166,-2.3470444679260254,-2.5671842098236084,-2.579514503479004,-2.6008243560791016,-2.6410789489746094,-2.6423821449279785,-2.6423821449279785,-2.6423821449279785,-2.900704860687256,-2.9165570735931396,-2.9165570735931396,-2.9165570735931396,-3.0480170249938965,-3.0513479709625244,-3.0513479709625244,-3.0513479709625244,-3.0513479709625244,-3.0513479709625244,
399,0.3059999942779541,0.26032447814941406,-0.017728805541992188,-0.028280019760131836,-0.06478190422058105,-0.15398359298706055,-0.15481972694396973,-0.17680692672729492,-0.3186330795288086,-0.322279691696167,-0.322279691696167,-0.43747568130493164,-0.4744267463684082,-0.4744267463684082,-0.4744267463684082,-0.4744267463684082,-0.4744267463684082,-0.4744267463684082,-0.4744267463684082,
436,-1.700702428817749,-2.23776912689209,-2.695666790008545,-2.8667876720428467,-2.9802558422088623,-3.5415871143341064,-3.6208107471466064,-3.628480911254883,-3.628480911254883,-3.628480911254883,-3.628480911254883,-3.628480911254883,-3.628480911254883,-3.628480911254883,-3.628480911254883,-3.628480911254883,-3.628480911254883,-3.628480911254883,-3.628480911254883,
474,0.9515666961669922,0.8171710968017578,0.35060787200927734,0.1535196304321289,0.14966869354248047,-0.13389134407043457,-0.15167665481567383,-0.15167665481567383,-0.15167665481567383,-0.3663637638092041,-1.1577789783477783,-1.1775760650634766,-1.1775760650634766,-1.1775760650634766,-1.1775760650634766,-1.1775760650634766,-1.1775760650634766,-1.1775760650634766,-1.1775760650634766,
546,-1.540611743927002,-1.579928994178772,-1.941827416419983,-2.222714424133301,-2.2811903953552246,-2.7574362754821777,-2.7678492069244385,-2.7678492069244385,-2.9946115016937256,-3.005064010620117,-3.005064010620117,-3.005064010620117,-3.005064010620117,-3.005064010620117,-3.005064010620117,-3.005064010620117,-3.005064010620117,-3.005064010620117,-3.005064010620117,
586,1.0358459949493408,0.7688682079315186,0.6920554637908936,0.5461623668670654,0.5293281078338623,0.4966127872467041,0.4966127872467041,0.4966127872467041,0.15260696411132812,0.012463569641113281,0.009495735168457031,0.009495735168457031,0.009495735168457031,0.009495735168457031,0.009495735168457031,0.009495735168457031,0.009495735168457031,0.009495735168457031,0.009495735168457031,
639,0.36482858657836914,0.35928988456726074,0.11737895011901855,0.11737895011901855,0.06354928016662598,-0.0037059783935546875,-0.04643750190734863,-0.0669856071472168,-0.0669856071472168,-0.0669856071472168,-0.0669856071472168,-0.0669856071472168,-0.0669856071472168,-0.0669856071472168,-0.0669856071472168,-0.0669856071472168,-0.0669856071472168,-0.0669856071472168,-0.0669856071472168,
661,-0.3427734375,-0.8613216876983643,-0.8613216876983643,-0.8887085914611816,-0.9499101638793945,-1.0639007091522217,-1.0700232982635498,-1.0700232982635498,-1.0700232982635498,-1.0700232982635498,-1.0700232982635498,-1.0971086025238037,-1.1021077632904053,-1.1021077632904053,-1.1021077632904053,-1.1021077632904053,-1.1021077632904053,-1.1021077632904053,-1.1021077632904053,
737,-6.181761741638184,-6.181761741638184,-6.284309387207031,-6.284309387207031,-6.294093132019043,-6.515439987182617,-6.525526523590088,-6.525526523590088,-6.525526523590088,-6.925837516784668,-6.956390857696533,-6.956390857696533,-6.956390857696533,-6.956390857696533,-6.956390857696533,-6.956390857696533,-6.956390857696533,-6.956390857696533,-6.956390857696533,
776,0.8454360961914062,0.8111505508422852,0.7610859870910645,0.5365757942199707,0.3921346664428711,0.11849331855773926,0.0723872184753418,0.0715789794921875,0.0715789794921875,0.0715789794921875,0.07098054885864258,0.07098054885864258,0.07098054885864258,0.07098054885864258,0.07098054885864258,0.07098054885864258,0.07098054885864258,0.07098054885864258,0.07098054885864258,
836,1.4687449932098389,1.3684542179107666,1.3684542179107666,0.9884727001190186,0.7411162853240967,0.645089864730835,0.6385114192962646,0.6385114192962646,0.6385114192962646,0.5375688076019287,0.5333497524261475,0.5333497524261475,0.5333497524261475,0.5333497524261475,0.5333497524261475,0.5333497524261475,0.5333497524261475,0.4968392848968506,0.3557734489440918,
869,-4.516110897064209,-5.0726318359375,-5.5292792320251465,-5.582849502563477,-5.739195823669434,-5.818032741546631,-5.82643985748291,-6.059238433837891,-6.098453521728516,-6.186061859130859,-6.189780235290527,-6.189780235290527,-6.189780235290527,-6.191397666931152,-6.194064617156982,-6.194064617156982,-6.194064617156982,-6.194064617156982,-6.194064617156982,
911,-0.35663843154907227,-0.7418463230133057,-0.9865758419036865,-1.181152582168579,-1.2234761714935303,-1.3018605709075928,-1.462235450744629,-1.5069968700408936,-1.5069968700408936,-1.5069968700408936,-1.5069968700408936,-1.5069968700408936,-1.5069968700408936,-1.5069968700408936,-1.5069968700408936,-1.7876014709472656,-1.8274558782577515,-1.8274558782577515,-1.8274558782577515,
987,1.7541613578796387,1.6846952438354492,1.137770652770996,1.1259641647338867,0.7324810028076172,0.6722061634063721,0.6707968711853027,0.6707968711853027,0.6707968711853027,0.6707968711853027,0.6707968711853027,0.6707968711853027,0.6707968711853027,0.6707968711853027,0.6707968711853027,0.6707968711853027,0.5450260639190674,0.4837989807128906,0.4830942153930664,
1025,-0.1950058937072754,-0.7856478691101074,-0.7856478691101074,-0.8022403717041016,-0.8387293815612793,-0.9065907001495361,-0.9065907001495361,-1.1209489107131958,-1.4175084829330444,-1.4252524375915527,-1.4252524375915527,-1.4252524375915527,-1.4252524375915527,-1.4252524375915527,-1.4252524375915527,-1.4252524375915527,-1.4252524375915527,-1.4252524375915527,-1.4252524375915527,
1092,-5.3463921546936035,-6.133831977844238,-6.34449577331543,-6.34449577331543,-6.447661399841309,-6.7672224044799805,-6.784544944763184,-6.784544944763184,-6.784544944763184,-6.784544944763184,-6.920481204986572,-7.066745758056641,-7.071599960327148,-7.071638107299805,-7.071638107299805,-7.071638107299805,-7.104280471801758,-7.115227699279785,-7.115227699279785,
1128,1.049802541732788,1.049802541732788,0.8120894432067871,0.7956151962280273,0.7721350193023682,0.17618060111999512,0.11047124862670898,0.11047124862670898,0.11047124862670898,0.11047124862670898,-0.0187375545501709,-0.28940558433532715,-0.28940558433532715,-0.28940558433532715,-0.28940558433532715,-0.28940558433532715,-0.28940558433532715,-0.28940558433532715,-0.28940558433532715,
1178,-1.7596954107284546,-2.0105743408203125,-2.0105743408203125,-2.4227824211120605,-2.4531054496765137,-2.7177281379699707,-2.761967658996582,-2.761967658996582,-2.761967658996582,-2.761967658996582,-2.761967658996582,-2.761967658996582,-2.761967658996582,-2.761967658996582,-2.7660462856292725,-2.7660462856292725,-2.7660462856292725,-2.7660462856292725,-2.7660462856292725,
1216,3.662451982498169,3.4641497135162354,3.4641497135162354,3.3678481578826904,3.350428342819214,2.9925973415374756,2.9706003665924072,2.9706003665924072,2.9706003665924072,2.9706003665924072,2.9706003665924072,2.9706003665924072,2.9706003665924072,2.9706003665924072,2.9706003665924072,2.9706003665924072,2.9706003665924072,2.9706003665924072,2.9706003665924072,
1262,1.8018097877502441,1.6105308532714844,1.5331649780273438,1.3667182922363281,1.109449863433838,0.8003325462341309,0.7951550483703613,0.7951550483703613,0.7951550483703613,0.7667994499206543,0.7630429267883301,0.7621150016784668,0.7621150016784668,0.7621150016784668,0.7621150016784668,0.7621150016784668,0.7621150016784668,0.7621150016784668,0.7621150016784668,
1344,-1.6561055183410645,-1.6935646533966064,-1.6935646533966064,-1.9050112962722778,-1.971572995185852,-2.1176154613494873,-2.1236062049865723,-2.1236062049865723,-2.1236062049865723,-2.1236062049865723,-2.1236062049865723,-2.1236062049865723,-2.1236062049865723,-2.1236062049865723,-2.1236062049865723,-2.1236062049865723,-2.1236062049865723,-2.1236062049865723,-2.1236062049865723,
1389,-3.6469197273254395,-4.011223793029785,-4.025300979614258,-4.318489074707031,-4.5423784255981445,-5.329314231872559,-5.436808109283447,-5.440901279449463,-5.440901279449463,-5.440901279449463,-5.440901279449463,-5.440901279449463,-5.440901279449463,-5.440901279449463,-5.440901279449463,-5.440901279449463,-5.440901279449463,-5.440901279449463,-5.440901279449463,
1409,-5.943936347961426,-6.172933578491211,-6.294763565063477,-6.363775253295898,-6.384439468383789,-6.564390659332275,-6.569196701049805,-6.569196701049805,-6.569196701049805,-6.569196701049805,-6.569196701049805,-6.569196701049805,-6.569196701049805,-6.569196701049805,-6.569196701049805,-6.569196701049805,-6.569196701049805,-6.569196701049805,-6.569196701049805,
1451,4.05743932723999,3.4505343437194824,3.274075984954834,3.0623626708984375,2.8980445861816406,2.8701205253601074,2.8698525428771973,2.8698525428771973,2.8698525428771973,2.8698525428771973,2.7936792373657227,2.7444982528686523,2.7444982528686523,2.7444982528686523,2.7444982528686523,2.7444982528686523,2.7444982528686523,2.6969852447509766,2.6166324615478516,
1504,-0.7764759063720703,-0.848160982131958,-1.5226709842681885,-1.5226709842681885,-1.5436275005340576,-1.5999844074249268,-1.609152913093567,-1.609152913093567,-1.609152913093567,-1.609152913093567,-1.609152913093567,-1.609152913093567,-1.609152913093567,-1.609152913093567,-1.796135663986206,-1.8411238193511963,-1.8426414728164673,-1.8426414728164673,-1.8426414728164673,
1551,-0.1087045669555664,-0.20342540740966797,-0.20342540740966797,-0.26691699028015137,-0.2738664150238037,-0.6905333995819092,-0.7007205486297607,-0.7007205486297607,-0.7007205486297607,-0.7690932750701904,-0.7892804145812988,-0.7895820140838623,-0.7895820140838623,-0.7895820140838623,-0.7895820140838623,-0.7895820140838623,-0.7895820140838623,-0.7895820140838623,-0.7895820140838623,
1621,-3.87937331199646,-4.071742057800293,-4.071742057800293,-4.0819010734558105,-4.086002349853516,-4.27736759185791,-4.380414009094238,-4.387709617614746,-5.069549560546875,-5.0908918380737305,-5.092952251434326,-5.092952251434326,-5.092952251434326,-5.092952251434326,-5.092952251434326,-5.092952251434326,-5.092952251434326,-5.092952251434326,-5.092952251434326,
1685,-4.857393264770508,-5.844272613525391,-6.02860689163208,-6.102194309234619,-6.102194309234619,-6.322955131530762,-6.347774982452393,-6.5385212898254395,-6.574762344360352,-6.626257419586182,-6.670996189117432,-6.673107147216797,-6.673107147216797,-6.673107147216797,-6.673107147216797,-6.673107147216797,-6.673107147216797,-6.673107147216797,-6.673107147216797,
1726,-3.7883734703063965,-4.36578893661499,-4.729349136352539,-4.7953667640686035,-5.106988430023193,-5.437263488769531,-5.439538478851318,-5.439538478851318,-5.439538478851318,-5.439538478851318,-5.439538478851318,-5.439538478851318,-5.439538478851318,-5.439538478851318,-5.439538478851318,-5.439538478851318,-5.439538478851318,-5.439538478851318,-5.439538478851318,
1800,-3.981154680252075,-3.981154680252075,-3.994981050491333,-4.070805549621582,-4.0998077392578125,-4.23627233505249,-4.433932304382324,-4.439766883850098,-4.439766883850098,-4.439766883850098,-4.439766883850098,-4.506124496459961,-4.527894973754883,-4.527894973754883,-4.527894973754883,-4.527894973754883,-4.527894973754883,-4.527894973754883,-4.527894973754883,
1839,-3.976785182952881,-4.153870582580566,-4.352636337280273,-4.366307258605957,-4.425465106964111,-4.526183128356934,-4.526658058166504,-4.526658058166504,-4.526658058166504,-4.526658058166504,-4.526658058166504,-4.526658058166504,-4.526658058166504,-4.526658058166504,-4.526658058166504,-4.526658058166504,-4.526658058166504,-4.526658058166504,-4.526658058166504,
1881,-2.1922574043273926,-2.281493663787842,-2.394104242324829,-2.394104242324829,-2.4155807495117188,-2.810577392578125,-3.0073482990264893,-3.0169615745544434,-3.0169615745544434,-3.0169615745544434,-3.0169615745544434,-3.0169615745544434,-3.0169615745544434,-3.0169615745544434,-3.0169615745544434,-3.0169615745544434,-3.0169615745544434,-3.0169615745544434,-3.0169615745544434,
1941,-0.6331312656402588,-1.305492639541626,-1.8137614727020264,-2.367495536804199,-2.367495536804199,-2.567121744155884,-2.572573661804199,-2.79110050201416,-2.803622007369995,-2.803622007369995,-2.803622007369995,-2.803622007369995,-2.9162821769714355,-2.928532600402832,-2.928532600402832,-2.928532600402832,-2.928532600402832,-2.928532600402832,-2.928532600402832,
1967,-1.4810502529144287,-1.6405973434448242,-1.8716169595718384,-2.0193238258361816,-2.09061861038208,-2.1954381465911865,-2.200817584991455,-2.200817584991455,-2.200817584991455,-2.200817584991455,-2.200817584991455,-2.200817584991455,-2.200817584991455,-2.200817584991455,-2.200817584991455,-2.200817584991455,-2.200817584991455,-2.200817584991455,-2.200817584991455,
2042,-4.118511199951172,-4.417866230010986,-4.464269638061523,-4.564826965332031,-4.681702136993408,-4.724070072174072,-4.724070072174072,-4.724070072174072,-4.724070072174072,-4.724070072174072,-4.724070072174072,-4.724070072174072,-4.724070072174072,-4.724070072174072,-4.724070072174072,-4.724070072174072,-4.724070072174072,-4.724070072174072,-4.724070072174072,
2056,-2.5408921241760254,-2.6014914512634277,-3.819023847579956,-3.927600383758545,-3.927600383758545,-4.257323741912842,-4.272617816925049,-4.272617816925049,-4.272617816925049,-4.272617816925049,-4.272617816925049,-4.272617816925049,-4.272617816925049,-4.272617816925049,-4.272617816925049,-4.272617816925049,-4.272617816925049,-4.272617816925049,-4.272617816925049,
2106,0.8455209732055664,0.8455209732055664,0.8455209732055664,0.3698394298553467,0.35686826705932617,0.10070236027240753,-0.295745849609375,-0.3099358081817627,-0.3099358081817627,-0.3099358081817627,-0.3099358081817627,-0.3099358081817627,-0.3099358081817627,-0.3099358081817627,-0.3099358081817627,-0.3099358081817627,-0.3099358081817627,-0.3099358081817627,-0.3099358081817627,
2191,1.8084485530853271,1.661785364151001,0.9713013172149658,0.9462006092071533,0.8776304721832275,0.6722676753997803,0.6581366062164307,0.6581366062164307,0.6581366062164307,0.3768765926361084,0.35802197456359863,0.35802197456359863,0.35802197456359863,0.35802197456359863,0.35802197456359863,0.35802197456359863,0.35802197456359863,0.35802197456359863,0.35802197456359863,
2216,0.2515990734100342,-0.11124253273010254,-0.40183234214782715,-0.40183234214782715,-0.5032739639282227,-0.5896737575531006,-0.5921752452850342,-0.5921752452850342,-0.5921752452850342,-0.5921752452850342,-0.5921752452850342,-0.5921752452850342,-0.5921752452850342,-0.5921752452850342,-0.5921752452850342,-0.5921752452850342,-0.5921752452850342,-0.5921752452850342,-0.5921752452850342,
2298,3.2958321571350098,3.1352591514587402,3.0802812576293945,3.0439629554748535,2.970266819000244,2.8537650108337402,2.8392562866210938,2.8392562866210938,2.755950450897217,2.5739541053771973,2.5541014671325684,2.5541014671325684,2.5541014671325684,2.5529704093933105,2.5529704093933105,2.3486828804016113,2.3157906532287598,2.3157906532287598,2.3157906532287598,
2339,-3.4697494506835938,-3.4697494506835938,-3.735846757888794,-3.966538667678833,-4.177487850189209,-4.1805925369262695,-4.183182239532471,-4.19012451171875,-4.334109306335449,-4.357508659362793,-4.3590240478515625,-4.3590240478515625,-4.3590240478515625,-4.3590240478515625,-4.3590240478515625,-4.3590240478515625,-4.3590240478515625,-4.3590240478515625,-4.3590240478515625,
2358,1.963937520980835,1.5911376476287842,1.5223033428192139,0.9243271350860596,0.900864839553833,0.6690919399261475,0.662916898727417,0.662916898727417,0.662916898727417,0.662916898727417,0.662916898727417,0.662916898727417,0.5545976161956787,0.5524241924285889,0.5524241924285889,0.5524241924285889,0.5524241924285889,0.5524241924285889,0.5524241924285889,
2444,-1.3401973247528076,-1.4454927444458008,-1.5073926448822021,-1.6491155624389648,-1.7321826219558716,-2.421696186065674,-2.4784579277038574,-2.4784579277038574,-2.4784579277038574,-2.5305190086364746,-2.548271417617798,-2.548271417617798,-2.548271417617798,-2.548271417617798,-2.548271417617798,-2.548271417617798,-2.548271417617798,-2.548271417617798,-2.548271417617798,
2466,-3.0462684631347656,-3.406290292739868,-4.8546953201293945,-5.198975563049316,-5.454870223999023,-5.806532382965088,-5.806532382965088,-5.806532382965088,-5.806532382965088,-5.806532382965088,-5.806532382965088,-5.806532382965088,-5.806532382965088,-5.806532382965088,-5.806532382965088,-5.806532382965088,-5.806532382965088,-5.806532382965088,-5.806532382965088,
2506,-2.6957168579101562,-2.7231063842773438,-3.0285792350769043,-3.087982654571533,-3.087982654571533,-3.5756595134735107,-3.9946775436401367,-4.005147933959961,-4.005147933959961,-4.005147933959961,-4.005147933959961,-4.005147933959961,-4.005147933959961,-4.005147933959961,-4.005147933959961,-4.005147933959961,-4.005147933959961,-4.005147933959961,-4.005147933959961,
2596,0.23836660385131836,0.17857742309570312,-0.07137346267700195,-0.20680952072143555,-0.578707218170166,-0.6708846092224121,-1.3939123153686523,-1.408989667892456,-1.4119865894317627,-1.4119865894317627,-1.4119865894317627,-1.4119865894317627,-1.4119865894317627,-1.4119865894317627,-1.4119865894317627,-1.4119865894317627,-1.4119865894317627,-1.4119865894317627,-1.4119865894317627,
2627,1.9285013675689697,1.50284743309021,1.3252456188201904,1.2031214237213135,0.978736162185669,0.7138798236846924,0.7002313137054443,0.7002313137054443,0.7002313137054443,0.698998212814331,0.698998212814331,0.698998212814331,0.698998212814331,0.698998212814331,0.698998212814331,0.698998212814331,0.698998212814331,0.698998212814331,0.698998212814331,
2694,-5.175492763519287,-5.25784969329834,-5.650121688842773,-5.819887161254883,-5.846709251403809,-5.904152870178223,-5.9069929122924805,-5.9069929122924805,-5.9069929122924805,-5.938968658447266,-6.041867256164551,-6.04279899597168,-6.04279899597168,-6.266068458557129,-6.3276448249816895,-6.3276448249816895,-6.3276448249816895,-6.3276448249816895,-6.3276448249816895,
2702,-3.4185962677001953,-3.5691514015197754,-3.6447248458862305,-3.7024357318878174,-3.8923611640930176,-4.473938941955566,-4.519346237182617,-4.522331714630127,-4.522331714630127,-4.522331714630127,-4.522331714630127,-4.522331714630127,-4.522331714630127,-4.522331714630127,-4.522331714630127,-4.522331714630127,-4.522331714630127,-4.522331714630127,-4.522331714630127,
2786,-2.2963855266571045,-2.369110107421875,-2.4390869140625,-2.6614792346954346,-2.6924021244049072,-2.794555187225342,-2.7953381538391113,-2.7953381538391113,-2.7953381538391113,-2.7953381538391113,-2.7953381538391113,-2.7953381538391113,-2.7953381538391113,-2.7953381538391113,-2.7953381538391113,-2.7953381538391113,-2.7953381538391113,-2.7953381538391113,-2.7953381538391113,
2816,0.7666854858398438,0.34808778762817383,-0.06072497367858887,-0.2133498191833496,-0.25939011573791504,-0.31723523139953613,-0.31723523139953613,-0.31723523139953613,-0.31723523139953613,-0.31723523139953613,-0.31723523139953613,-0.31723523139953613,-0.31723523139953613,-0.31723523139953613,-0.31723523139953613,-0.31723523139953613,-0.31723523139953613,-0.31723523139953613,-0.31723523139953613,
2886,0.793065071105957,0.7078781127929688,0.541935920715332,0.5159616470336914,0.3686532974243164,0.3353574275970459,0.3348808288574219,0.3348808288574219,0.3348808288574219,0.3348808288574219,0.3348808288574219,0.3348808288574219,0.3348808288574219,0.3348808288574219,0.3348808288574219,0.3348808288574219,0.3348808288574219,0.3348808288574219,0.3348808288574219,
2907,-0.09819960594177246,-0.26732540130615234,-0.3802368640899658,-0.8879168033599854,-0.9612853527069092,-1.68576180934906,-1.7385450601577759,-1.7385450601577759,-1.7385450601577759,-1.7385450601577759,-1.7385450601577759,-1.7385450601577759,-1.7385450601577759,-1.7385450601577759,-1.7385450601577759,-1.7385450601577759,-1.7385450601577759,-1.7385450601577759,-1.7385450601577759,
2981,-3.9852066040039062,-3.9852066040039062,-4.2167863845825195,-4.2167863845825195,-4.331777572631836,-4.343575477600098,-4.629463195800781,-4.648055076599121,-4.648055076599121,-4.648055076599121,-4.648055076599121,-4.648055076599121,-4.648055076599121,-4.648055076599121,-4.648055076599121,-4.648055076599121,-4.841026306152344,-5.055704116821289,-5.1656813621521,
3037,-3.6353018283843994,-3.6353018283843994,-3.801177740097046,-4.0215373039245605,-4.057973861694336,-4.147945404052734,-4.149665832519531,-4.149665832519531,-4.4116530418396,-4.416560173034668,-4.416560173034668,-4.416560173034668,-4.416560173034668,-4.416560173034668,-4.416560173034668,-4.416560173034668,-4.416560173034668,-4.416560173034668,-4.416560173034668,
3086,-1.1678874492645264,-1.5974183082580566,-1.716050148010254,-1.8452608585357666,-1.8560006618499756,-2.124222993850708,-2.128192186355591,-2.128192186355591,-2.128192186355591,-2.128192186355591,-2.128192186355591,-2.128192186355591,-2.128192186355591,-2.128192186355591,-2.128192186355591,-2.128192186355591,-2.128192186355591,-2.128192186355591,-2.128192186355591,
3122,-5.626487731933594,-5.681774616241455,-5.7637786865234375,-5.7637786865234375,-6.022857189178467,-6.17338228225708,-6.207159996032715,-6.207159996032715,-6.207159996032715,-6.207159996032715,-6.207159996032715,-6.207159996032715,-6.207159996032715,-6.207159996032715,-6.207159996032715,-6.207159996032715,-6.207159996032715,-6.207159996032715,-6.207159996032715,
3198,-2.3822641372680664,-2.5661399364471436,-2.862786293029785,-2.8671414852142334,-2.8917012214660645,-3.316143035888672,-3.388965606689453,-3.636054039001465,-3.6881041526794434,-3.688267230987549,-3.688267230987549,-3.688267230987549,-3.688267230987549,-3.688267230987549,-3.688267230987549,-3.688267230987549,-3.688267230987549,-3.688267230987549,-3.6889333724975586,
3221,-0.512951135635376,-1.2323777675628662,-1.5412299633026123,-1.7812844514846802,-2.0367064476013184,-2.57524037361145,-2.605302333831787,-2.607870101928711,-2.6741092205047607,-2.9288127422332764,-2.953031063079834,-2.9537439346313477,-2.9539806842803955,-2.9539806842803955,-2.9539806842803955,-2.9539806842803955,-2.9539806842803955,-2.9539806842803955,-2.9539806842803955,
3251,-3.6596765518188477,-3.7458653450012207,-3.983156681060791,-4.107911109924316,-4.124423980712891,-4.2232184410095215,-4.2232184410095215,-4.2232184410095215,-4.2232184410095215,-4.2232184410095215,-4.2232184410095215,-4.230013847351074,-4.2301225662231445,-4.2301225662231445,-4.2301225662231445,-4.2301225662231445,-4.2301225662231445,-4.2301225662231445,-4.2301225662231445,
3335,-0.771486759185791,-0.7824699878692627,-1.3157057762145996,-1.8332750797271729,-2.0100724697113037,-2.2641611099243164,-2.2719976902008057,-2.386974573135376,-2.401549816131592,-2.4020276069641113,-2.4020276069641113,-2.4020276069641113,-2.4020276069641113,-2.4020276069641113,-2.4020276069641113,-2.4020276069641113,-2.4020276069641113,-2.4020276069641113,-2.4020276069641113,
3381,-3.355130195617676,-3.3701953887939453,-3.5342226028442383,-3.793977737426758,-3.8999698162078857,-4.040655136108398,-4.041348457336426,-4.041348457336426,-4.041348457336426,-4.044590473175049,-4.044590473175049,-4.044590473175049,-4.044590473175049,-4.044590473175049,-4.044590473175049,-4.044590473175049,-4.044590473175049,-4.044590473175049,-4.044590473175049,
3434,-4.150352954864502,-5.340725898742676,-5.340725898742676,-5.625888347625732,-6.061025619506836,-6.104910850524902,-6.104910850524902,-6.104910850524902,-6.104910850524902,-6.104910850524902,-6.104910850524902,-6.104910850524902,-6.104910850524902,-6.104910850524902,-6.104910850524902,-6.104910850524902,-6.104910850524902,-6.104910850524902,-6.104910850524902,
3483,3.869086980819702,3.869086980819702,3.744478940963745,3.6484954357147217,3.6301815509796143,3.4501354694366455,3.147460699081421,3.093360662460327,3.092897653579712,3.092897653579712,3.092897653579712,3.092897653579712,3.092897653579712,3.092897653579712,3.092897653579712,3.092897653579712,3.0476133823394775,3.0152947902679443,3.0152947902679443,
3511,1.4218261241912842,1.3356988430023193,1.0344598293304443,0.982623815536499,0.8446085453033447,0.737316370010376,0.7343623638153076,0.7343623638153076,0.7343623638153076,0.7343623638153076,0.7343623638153076,0.7343623638153076,0.7343623638153076,0.7343623638153076,0.7343623638153076,0.7343623638153076,0.7343623638153076,0.7343623638153076,0.7341935634613037,
3550,3.9883031845092773,3.6334266662597656,3.463857650756836,3.0491037368774414,2.9694972038269043,2.8538689613342285,2.658520221710205,2.5850791931152344,2.5831642150878906,2.5831642150878906,2.5831642150878906,2.5831642150878906,2.5831642150878906,2.5831642150878906,2.5831642150878906,2.5831642150878906,2.5831642150878906,2.5831642150878906,2.5831642150878906,
3634,-2.027508020401001,-2.027508020401001,-2.108224868774414,-2.1419429779052734,-2.2222893238067627,-2.2897582054138184,-2.2907216548919678,-2.290754795074463,-2.2908265590667725,-2.2908265590667725,-2.2908265590667725,-2.2908265590667725,-2.2908265590667725,-2.2908265590667725,-2.3566901683807373,-2.368516445159912,-2.368516445159912,-2.368516445159912,-2.368516445159912,
3696,-3.000967025756836,-3.019721508026123,-3.1714694499969482,-3.2439725399017334,-3.350541114807129,-3.373173952102661,-3.5346078872680664,-3.591456413269043,-3.594691514968872,-3.594691514968872,-3.594691514968872,-3.594691514968872,-3.594691514968872,-3.594691514968872,-3.594691514968872,-3.594691514968872,-3.594691514968872,-3.594691514968872,-3.594691514968872,
3743,-3.7338690757751465,-3.7774713039398193,-4.045753479003906,-4.232867240905762,-4.232867240905762,-4.314461708068848,-4.317326545715332,-4.317326545715332,-4.317326545715332,-4.317326545715332,-4.317326545715332,-4.317326545715332,-4.317326545715332,-4.317326545715332,-4.317326545715332,-4.317326545715332,-4.460433006286621,-4.473308563232422,-4.473308563232422,
3800,-0.9774818420410156,-1.038874626159668,-1.038874626159668,-1.2195405960083008,-1.2375288009643555,-1.4287265539169312,-1.653708577156067,-1.6718690395355225,-1.6718690395355225,-1.6718690395355225,-1.6718690395355225,-1.6718690395355225,-1.6718690395355225,-1.6718690395355225,-1.6718690395355225,-1.6718690395355225,-1.6718690395355225,-1.6718690395355225,-1.6718690395355225,
3839,-2.5560529232025146,-3.2957518100738525,-3.3059639930725098,-3.3478775024414062,-3.4750730991363525,-3.540947198867798,-3.5427889823913574,-3.5427889823913574,-3.5427889823913574,-3.5427889823913574,-3.5427889823913574,-3.5427889823913574,-3.5427889823913574,-3.5427889823913574,-3.5427889823913574,-3.555941104888916,-3.818335771560669,-3.8212833404541016,-3.8212833404541016,
3880,-3.0584208965301514,-3.404071807861328,-3.604233741760254,-3.7368476390838623,-3.7440929412841797,-4.28256893157959,-4.302170276641846,-4.302170276641846,-4.302170276641846,-4.302170276641846,-4.302170276641846,-4.302170276641846,-4.302170276641846,-4.302170276641846,-4.302170276641846,-4.302170276641846,-4.302170276641846,-4.302170276641846,-4.302170276641846,
3906,1.9635772705078125,1.6489381790161133,1.2675094604492188,1.1855921745300293,1.1426143646240234,0.8823280334472656,0.8530769348144531,0.8530769348144531,0.8530769348144531,0.8404684066772461,0.796602725982666,0.7956829071044922,0.7956829071044922,0.7956829071044922,0.7956829071044922,0.7956829071044922,0.7956829071044922,0.7956829071044922,0.7956829071044922,
3974,-2.893669605255127,-3.2768361568450928,-3.6608941555023193,-3.6608941555023193,-3.7318572998046875,-3.90256667137146,-3.9042816162109375,-3.9042816162109375,-4.124239444732666,-4.129116535186768,-4.129116535186768,-4.129116535186768,-4.129116535186768,-4.129116535186768,-4.129116535186768,-4.129116535186768,-4.129116535186768,-4.129116535186768,-4.129116535186768,
4006,0.6928374767303467,0.4469435214996338,0.38723158836364746,0.23611187934875488,0.22453927993774414,0.01715707778930664,-0.32518792152404785,-0.6194283962249756,-0.6269485950469971,-0.6269485950469971,-0.6269485950469971,-0.6269485950469971,-0.783245325088501,-0.7898616790771484,-0.7898616790771484,-0.7898616790771484,-0.7898616790771484,-0.7898616790771484,-0.7898616790771484,
4051,0.2876608371734619,0.007065296173095703,0.007065296173095703,-0.11926841735839844,-0.24399709701538086,-0.3376595973968506,-0.3385763168334961,-0.3385763168334961,-0.3385763168334961,-0.3385763168334961,-0.3385763168334961,-0.3385763168334961,-0.3385763168334961,-0.3385763168334961,-0.3385763168334961,-0.3385763168334961,-0.36257433891296387,-0.6738171577453613,-0.7008845806121826,
4106,-1.0465645790100098,-1.1297547817230225,-1.353682518005371,-1.4232697486877441,-1.4566984176635742,-1.5811676979064941,-1.5829732418060303,-1.5829732418060303,-1.5829732418060303,-1.5829732418060303,-1.5829732418060303,-1.5829732418060303,-1.5829732418060303,-1.5829732418060303,-1.5829732418060303,-1.5829732418060303,-1.5829732418060303,-1.5829732418060303,-1.5829732418060303,
4186,1.5285451412200928,1.5285451412200928,1.5285451412200928,1.3168747425079346,1.2718923091888428,1.1983726024627686,0.8197276592254639,0.7967789173126221,0.7967789173126221,0.7967789173126221,0.7967789173126221,0.7967789173126221,0.7967789173126221,0.5284140110015869,0.357562780380249,0.35644960403442383,0.35578465461730957,0.35578465461730957,0.35578465461730957,
4228,5.412929058074951,4.692290782928467,4.068789958953857,3.778367042541504,3.778367042541504,3.643472671508789,3.642279624938965,3.642279624938965,3.642279624938965,3.642279624938965,3.642279624938965,3.642279624938965,3.642279624938965,3.642279624938965,3.642279624938965,3.642279624938965,3.642279624938965,3.642279624938965,3.642279624938965,
4271,0.18116164207458496,-0.6827278137207031,-0.9832720756530762,-1.304765224456787,-1.398308277130127,-1.601804494857788,-1.6039767265319824,-1.6039767265319824,-1.6039767265319824,-1.6039767265319824,-1.6039767265319824,-1.6071810722351074,-1.6071810722351074,-1.6071810722351074,-1.6071810722351074,-1.6071810722351074,-1.6071810722351074,-1.6417641639709473,-1.7389408349990845,
4328,-2.738088846206665,-2.738088846206665,-2.738088846206665,-2.738088846206665,-2.738088846206665,-2.8109965324401855,-2.894282817840576,-2.899291515350342,-3.091787338256836,-3.1000943183898926,-3.1000943183898926,-3.1000943183898926,-3.1000943183898926,-3.1000943183898926,-3.1000943183898926,-3.1000943183898926,-3.1000943183898926,-3.1000943183898926,-3.1000943183898926,
4400,3.0792174339294434,2.946536064147949,2.9043750762939453,2.6441330909729004,2.5744099617004395,2.265674114227295,2.2542543411254883,2.2542543411254883,2.2542543411254883,2.2542543411254883,2.2542543411254883,1.9340720176696777,1.6734309196472168,1.66227388381958,1.66227388381958,1.66227388381958,1.66227388381958,1.66227388381958,1.66227388381958,
4444,-1.787226915359497,-1.787226915359497,-2.430418014526367,-2.757511854171753,-2.8577613830566406,-3.380465030670166,-3.4168853759765625,-3.4168853759765625,-3.4168853759765625,-3.4168853759765625,-3.4168853759765625,-3.4168853759765625,-3.4168853759765625,-3.4168853759765625,-3.4168853759765625,-3.8577399253845215,-3.872379779815674,-3.872379779815674,-3.872379779815674,
4489,-1.8325254917144775,-2.6796886920928955,-3.0040225982666016,-3.140019655227661,-3.218257188796997,-3.271958351135254,-3.271958351135254,-3.4205360412597656,-3.4258828163146973,-3.4258828163146973,-3.4258828163146973,-3.4258828163146973,-3.4258828163146973,-3.431455135345459,-3.432363510131836,-3.432363510131836,-3.432363510131836,-3.432363510131836,-3.432363510131836,
4541,1.3633015155792236,1.3633015155792236,1.1013600826263428,1.0308983325958252,0.8318679332733154,0.693901777267456,0.6884229183197021,0.6884229183197021,0.4712259769439697,0.3979766368865967,0.3979766368865967,0.3979766368865967,0.3979766368865967,0.3979766368865967,0.3979766368865967,0.3979766368865967,0.3979766368865967,0.3979766368865967,0.3979766368865967,
4585,-5.240204811096191,-6.049647331237793,-6.082699775695801,-6.342960357666016,-6.342960357666016,-6.418610572814941,-6.4191155433654785,-6.4191155433654785,-6.4191155433654785,-6.4191155433654785,-6.4191155433654785,-6.4191155433654785,-6.4191155433654785,-6.4191155433654785,-6.4191155433654785,-6.4191155433654785,-6.420096397399902,-6.421802520751953,-6.421802520751953,
4617,0.7372720241546631,0.4415717124938965,0.31338047981262207,0.06538152694702148,0.05891609191894531,-0.1685948371887207,-0.5544123649597168,-0.6004948616027832,-0.6004948616027832,-0.6629889011383057,-0.6813569068908691,-0.682964563369751,-0.682964563369751,-0.682964563369751,-0.682964563369751,-0.682964563369751,-0.682964563369751,-0.682964563369751,-0.682964563369751,
4697,0.8142156600952148,0.694551944732666,0.3942251205444336,-0.07512593269348145,-0.17369580268859863,-0.3183894157409668,-0.33597803115844727,-0.33597803115844727,-0.33597803115844727,-0.33597803115844727,-0.33597803115844727,-0.33597803115844727,-0.33597803115844727,-0.33597803115844727,-0.33597803115844727,-0.33597803115844727,-0.33597803115844727,-0.33597803115844727,-0.33597803115844727,
4730,3.410334825515747,3.3168604373931885,2.75996470451355,2.75996470451355,2.7384912967681885,2.45392107963562,2.4484317302703857,2.4484317302703857,2.4484317302703857,2.4484317302703857,2.4484317302703857,2.4484317302703857,2.4144504070281982,2.4061734676361084,2.4061734676361084,2.4061734676361084,2.4061734676361084,2.4061734676361084,2.4061734676361084,
4788,-0.1827847957611084,-0.2084670066833496,-0.4769895076751709,-0.5183320045471191,-0.5664215087890625,-0.9228284358978271,-0.97894287109375,-0.97894287109375,-0.97894287109375,-0.97894287109375,-0.9796559810638428,-0.9796559810638428,-0.9796559810638428,-0.9796559810638428,-0.9796559810638428,-0.9796559810638428,-0.9796559810638428,-0.9796559810638428,-0.9796559810638428,
4844,3.788604497909546,3.5973360538482666,3.509558916091919,3.4874584674835205,3.468607187271118,3.3181302547454834,3.306988477706909,3.3068087100982666,3.1690433025360107,3.1597578525543213,3.1592962741851807,3.1592962741851807,3.1592962741851807,3.1592962741851807,3.1592962741851807,3.1592962741851807,3.1592962741851807,3.1592962741851807,3.1592962741851807,
4891,-0.11853241920471191,-0.11853241920471191,-0.20569252967834473,-0.20585274696350098,-0.30440425872802734,-0.32297396659851074,-0.32297396659851074,-0.32297396659851074,-0.32297396659851074,-0.32297396659851074,-0.32297396659851074,-0.32297396659851074,-0.32297396659851074,-0.5437314510345459,-0.5513527393341064,-0.5513527393341064,-0.5513527393341064,-0.5513527393341064,-0.5513527393341064,
4942,-2.7318100929260254,-4.28389310836792,-4.922916889190674,-4.98593282699585,-4.98593282699585,-5.100035190582275,-5.111920356750488,-5.111920356750488,-5.111920356750488,-5.111920356750488,-5.111920356750488,-5.111920356750488,-5.114352226257324,-5.190663814544678,-5.197910308837891,-5.225513458251953,-5.2318315505981445,-5.2318315505981445,-5.2318315505981445,
4983,-0.49014806747436523,-0.5658493041992188,-0.6121654510498047,-0.6244306564331055,-0.906909704208374,-1.132540225982666,-1.3798599243164062,-1.390279769897461,-1.390279769897461,-1.390279769897461,-1.390279769897461,-1.390279769897461,-1.390279769897461,-1.390279769897461,-1.390279769897461,-1.390279769897461,-1.390279769897461,-1.390279769897461,-1.390279769897461,
5024,3.54551362991333,3.49739408493042,3.1242547035217285,3.1242547035217285,3.0716419219970703,2.9094605445861816,2.5959925651550293,2.5612950325012207,2.5612950325012207,2.5612950325012207,2.5612950325012207,2.5612950325012207,2.5612950325012207,2.5612950325012207,2.5612950325012207,2.5612950325012207,2.5521469116210938,2.5449624061584473,2.5449624061584473,
5068,-0.5313937664031982,-0.7935497760772705,-1.079221487045288,-1.125582218170166,-1.15518319606781,-1.3471872806549072,-1.3523346185684204,-1.3523346185684204,-1.3523346185684204,-1.3523346185684204,-1.3523346185684204,-1.3523346185684204,-1.5099292993545532,-1.5099292993545532,-1.5099292993545532,-1.5099292993545532,-1.5099292993545532,-1.5099292993545532,-1.5099292993545532,
5107,-0.41129159927368164,-0.9946982860565186,-1.282268762588501,-1.396982192993164,-1.7233976125717163,-1.7492601871490479,-1.7492601871490479,-1.7492601871490479,-1.7492601871490479,-1.7492601871490479,-2.1721036434173584,-2.181192398071289,-2.181192398071289,-2.181192398071289,-2.181192398071289,-2.181192398071289,-2.181192398071289,-2.181192398071289,-2.181192398071289,
5185,-1.171292781829834,-1.171292781829834,-1.5665996074676514,-2.251291513442993,-2.499504327774048,-2.667788505554199,-2.6719632148742676,-2.6719632148742676,-2.6719632148742676,-2.822258472442627,-2.9128215312957764,-3.063037872314453,-3.0776100158691406,-3.0776100158691406,-3.0776100158691406,-3.0776100158691406,-3.0776100158691406,-3.393564224243164,-3.4087727069854736,
5201,2.183412790298462,1.6582472324371338,1.187403917312622,1.0263144969940186,0.31398701667785645,0.0633234977722168,0.023246049880981445,0.023246049880981445,0.023246049880981445,0.023246049880981445,0.023246049880981445,0.023246049880981445,0.023246049880981445,0.023246049880981445,0.023246049880981445,0.023246049880981445,0.023246049880981445,0.023246049880981445,0.023246049880981445,
5300,3.467634439468384,3.2199981212615967,3.1743576526641846,3.081209897994995,2.9952914714813232,2.9430220127105713,2.942795991897583,2.8354084491729736,2.707165002822876,2.696580171585083,2.696580171585083,2.4373762607574463,2.398906946182251,2.398906946182251,2.398906946182251,2.398906946182251,2.398906946182251,2.398906946182251,2.398906946182251,
5309,-2.9344284534454346,-2.9344284534454346,-3.2698090076446533,-3.2698090076446533,-3.404179334640503,-3.809025764465332,-3.9251770973205566,-3.93023419380188,-3.93023419380188,-3.93023419380188,-3.93023419380188,-3.93023419380188,-3.93023419380188,-3.93023419380188,-3.93023419380188,-3.93023419380188,-3.93023419380188,-3.93023419380188,-3.93023419380188,
5378,7.320126056671143,7.025716304779053,6.5171027183532715,6.5171027183532715,6.224477291107178,6.110737323760986,5.620090007781982,5.3858208656311035,5.384240627288818,5.384240627288818,5.384240627288818,5.384240627288818,5.384240627288818,5.384240627288818,5.384240627288818,5.384240627288818,5.384240627288818,5.384240627288818,5.384240627288818,
5443,1.5417349338531494,1.419938325881958,1.2745578289031982,1.2745578289031982,1.0255210399627686,0.5994443893432617,0.4592931270599365,0.45215439796447754,0.45215439796447754,0.1068418025970459,0.08751320838928223,0.08751320838928223,0.08751320838928223,0.08751320838928223,0.08751320838928223,0.08751320838928223,0.08751320838928223,0.08751320838928223,0.08715987205505371,
5455,1.70957612991333,1.4784045219421387,0.9738349914550781,0.9173293113708496,0.8496885299682617,0.31089234352111816,0.29369091987609863,0.29319119453430176,0.29319119453430176,0.29319119453430176,0.29319119453430176,0.29319119453430176,0.29319119453430176,0.29319119453430176,0.29319119453430176,0.29319119453430176,0.29319119453430176,0.29319119453430176,0.29319119453430176,
5517,1.665907382965088,1.6037216186523438,1.0392742156982422,0.8495960235595703,0.8181648254394531,0.5987100601196289,0.3332223892211914,0.2972531318664551,0.2959167957305908,0.21308565139770508,0.20643067359924316,0.20569562911987305,0.20569562911987305,0.20569562911987305,0.20569562911987305,0.09838318824768066,0.007010936737060547,0.006194353103637695,0.006194353103637695,
5590,6.283351898193359,6.0959367752075195,5.789135932922363,5.056960105895996,4.801149368286133,4.163883209228516,4.158054351806641,4.158054351806641,4.158054351806641,3.970252752304077,3.9393537044525146,3.9393537044525146,3.9393537044525146,3.9393537044525146,3.9393537044525146,3.9393537044525146,3.4974873065948486,3.370471715927124,3.370471715927124,
5645,1.7922413349151611,1.5237433910369873,0.8335244655609131,0.77632737159729,0.45833468437194824,0.31261181831359863,0.3021848201751709,0.3021848201751709,0.3021848201751709,0.3021848201751709,0.26300501823425293,0.1500413417816162,0.14553141593933105,0.14553141593933105,0.14553141593933105,0.14553141593933105,0.14553141593933105,0.14553141593933105,0.14553141593933105,
5651,-0.23712396621704102,-0.40918922424316406,-1.1489779949188232,-1.1764085292816162,-1.216256856918335,-1.3412225246429443,-1.507007360458374,-1.5415809154510498,-1.5415809154510498,-1.5415809154510498,-1.5415809154510498,-1.5415809154510498,-1.5415809154510498,-1.5472502708435059,-1.5472502708435059,-1.5472502708435059,-1.5472502708435059,-1.5472502708435059,-1.5472502708435059,
5721,-4.351963043212891,-4.351963043212891,-4.955385684967041,-5.178714752197266,-5.576114177703857,-5.766522407531738,-5.794595718383789,-5.794595718383789,-5.794595718383789,-5.794595718383789,-5.794595718383789,-5.794595718383789,-5.794595718383789,-5.794595718383789,-5.794595718383789,-5.794595718383789,-5.794595718383789,-5.794595718383789,-5.794595718383789,
5754,-1.1816067695617676,-1.2598505020141602,-1.4751253128051758,-1.7112947702407837,-1.8947325944900513,-2.014416217803955,-2.0167922973632812,-2.0167922973632812,-2.0167922973632812,-2.0167922973632812,-2.2094528675079346,-2.280254364013672,-2.280254364013672,-2.280254364013672,-2.280254364013672,-2.280254364013672,-2.4757425785064697,-2.5104737281799316,-2.5104737281799316,
5805,2.5130951404571533,2.2795917987823486,2.005272626876831,1.9321787357330322,1.8414576053619385,1.3967325687408447,1.3876731395721436,1.3876731395721436,1.3876731395721436,1.3876731395721436,1.3876731395721436,1.3876731395721436,1.3876731395721436,1.3876731395721436,1.3876731395721436,1.3876731395721436,1.3876731395721436,1.3876731395721436,1.3876731395721436,
5869,0.736635684967041,0.624305248260498,0.624305248260498,0.6144146919250488,0.5282418727874756,0.40789127349853516,0.39459729194641113,-0.04930830001831055,-0.10073685646057129,-0.10110139846801758,-0.10110139846801758,-0.10110139846801758,-0.10110139846801758,-0.10110139846801758,-0.10110139846801758,-0.10110139846801758,-0.10110139846801758,-0.10110139846801758,-0.10110139846801758,
5905,-1.1342253684997559,-1.4240002632141113,-1.631542682647705,-1.7520793676376343,-1.877132773399353,-1.9988539218902588,-2.0027964115142822,-2.0027964115142822,-2.0027964115142822,-2.0027964115142822,-2.0027964115142822,-2.0027964115142822,-2.0027964115142822,-2.0027964115142822,-2.0027964115142822,-2.0027964115142822,-2.0027964115142822,-2.0027964115142822,-2.0027964115142822,
5953,-5.175551414489746,-5.819824695587158,-5.850046634674072,-5.9311299324035645,-6.046411037445068,-6.071131706237793,-6.072718620300293,-6.072718620300293,-6.072718620300293,-6.072718620300293,-6.072718620300293,-6.072718620300293,-6.072718620300293,-6.072718620300293,-6.072718620300293,-6.072718620300293,-6.072718620300293,-6.072718620300293,-6.072718620300293,
6041,1.4475212097167969,1.2576894760131836,1.1562952995300293,1.1243658065795898,0.47301530838012695,-0.47731494903564453,-0.5023689270019531,-0.5023689270019531,-0.5023689270019531,-0.5023689270019531,-0.5023689270019531,-0.5023689270019531,-0.5023689270019531,-0.5023689270019531,-0.5023689270019531,-0.5023689270019531,-0.5023689270019531,-0.5023689270019531,-0.5023689270019531,
6072,2.8413984775543213,2.763453245162964,2.2065603733062744,2.12878155708313,1.8404052257537842,1.8007843494415283,1.795027494430542,1.795027494430542,1.795027494430542,1.795027494430542,1.795027494430542,1.795027494430542,1.795027494430542,1.795027494430542,1.795027494430542,1.795027494430542,1.795027494430542,1.2235009670257568,1.1769278049468994,
6102,2.0342977046966553,1.9124596118927002,1.029977560043335,1.029977560043335,0.8172852993011475,0.562570333480835,0.5264122486114502,0.5253427028656006,0.5253427028656006,0.5253427028656006,0.5253427028656006,0.5253427028656006,0.5253427028656006,0.5253427028656006,0.3195993900299072,0.2785816192626953,0.2751309871673584,0.2751309871673584,0.2751309871673584,
6185,-0.34352993965148926,-0.4518768787384033,-0.9104447364807129,-0.9104447364807129,-1.024048089981079,-1.0930848121643066,-1.0930848121643066,-1.0930848121643066,-1.0930848121643066,-1.0930848121643066,-1.2528266906738281,-1.5165247917175293,-1.5243492126464844,-1.5243492126464844,-1.5243492126464844,-1.5243492126464844,-1.5243492126464844,-1.5243492126464844,-1.5243492126464844,
6242,-5.748142719268799,-5.748142719268799,-5.777509689331055,-6.446456432342529,-6.446456432342529,-6.7870707511901855,-6.811281204223633,-6.811281204223633,-6.811281204223633,-6.811281204223633,-6.811281204223633,-6.811281204223633,-6.811281204223633,-6.811281204223633,-6.811281204223633,-6.811281204223633,-6.811281204223633,-6.811281204223633,-6.811281204223633,
6286,-1.6964702606201172,-1.969653844833374,-2.2750070095062256,-2.522179126739502,-2.522179126739502,-2.6244328022003174,-2.6296887397766113,-2.6322944164276123,-2.6322944164276123,-2.704397678375244,-2.727212429046631,-2.727212429046631,-2.727212429046631,-2.727212429046631,-2.727212429046631,-2.727212429046631,-2.727212429046631,-2.727212429046631,-2.727212429046631,
6335,-1.767767310142517,-2.290585517883301,-2.290585517883301,-2.4915835857391357,-2.5217041969299316,-2.591491222381592,-2.8814263343811035,-2.9126975536346436,-2.9126975536346436,-3.3615550994873047,-3.5560379028320312,-3.5623602867126465,-3.5623602867126465,-3.5623602867126465,-3.5623602867126465,-3.5623602867126465,-3.5623602867126465,-3.5623602867126465,-3.5623602867126465,
6383,0.29262614250183105,-0.04732155799865723,-0.29800891876220703,-0.3238489627838135,-0.3272244930267334,-0.3956630229949951,-0.3969871997833252,-0.3969871997833252,-0.3969871997833252,-0.3969871997833252,-0.3969871997833252,-0.3969871997833252,-0.3969871997833252,-0.3969871997833252,-0.3969871997833252,-0.3969871997833252,-0.3969871997833252,-0.3969871997833252,-0.3969871997833252,
6441,-1.1526646614074707,-1.1526646614074707,-1.322643518447876,-1.3909687995910645,-1.525221347808838,-1.6499629020690918,-1.8668543100357056,-1.8835129737854004,-1.8835129737854004,-1.8835129737854004,-1.8835129737854004,-1.8835129737854004,-1.8835129737854004,-1.8835129737854004,-1.8835129737854004,-1.8835129737854004,-1.8835129737854004,-1.8835129737854004,-1.8835129737854004,
6450,0.6704168319702148,0.19315814971923828,0.0684654712677002,-0.10352039337158203,-0.10352039337158203,-0.21741199493408203,-0.49541211128234863,-0.7052350044250488,-0.7104179859161377,-0.7104179859161377,-0.7104179859161377,-0.7104179859161377,-0.7104179859161377,-0.7104179859161377,-0.7104179859161377,-0.7104179859161377,-0.7104179859161377,-0.7104179859161377,-0.7104179859161377,
6525,3.73801589012146,3.6934659481048584,3.661951780319214,3.6110522747039795,3.5943076610565186,2.969123601913452,2.817577600479126,2.816007375717163,2.816007375717163,2.816007375717163,2.816007375717163,2.816007375717163,2.816007375717163,2.816007375717163,2.816007375717163,2.816007375717163,2.816007375717163,2.816007375717163,2.816007375717163,
6564,-4.251679420471191,-4.331984043121338,-4.69063663482666,-4.69903564453125,-4.8425092697143555,-4.950229167938232,-4.9524688720703125,-4.9524688720703125,-4.9524688720703125,-4.9524688720703125,-4.9524688720703125,-4.9524688720703125,-4.9524688720703125,-4.9524688720703125,-4.9524688720703125,-4.9524688720703125,-4.9524688720703125,-4.9524688720703125,-4.955097198486328,
6650,3.767277240753174,3.767277240753174,3.5911598205566406,3.530353546142578,3.511678695678711,3.395824909210205,3.367241859436035,2.987738609313965,2.9437766075134277,2.942152500152588,2.942152500152588,2.942152500152588,2.942152500152588,2.942152500152588,2.942152500152588,2.942152500152588,2.942152500152588,2.942152500152588,2.942152500152588,
6674,-7.8480424880981445,-8.009222030639648,-8.268625259399414,-8.519320487976074,-8.571779251098633,-8.70962142944336,-8.71074104309082,-8.71074104309082,-8.71074104309082,-8.71074104309082,-8.71074104309082,-8.71074104309082,-8.71074104309082,-8.71074104309082,-8.71074104309082,-8.71074104309082,-8.71074104309082,-8.71074104309082,-8.71074104309082,
6746,0.7971749305725098,0.7971749305725098,0.5607390403747559,0.43860578536987305,0.2282719612121582,0.0652773380279541,0.06110548973083496,0.06110548973083496,0.06110548973083496,0.06110548973083496,0.06110548973083496,0.06110548973083496,0.06110548973083496,-0.018021583557128906,-0.044525146484375,-0.18395447731018066,-0.18642759323120117,-0.32611703872680664,-0.4160640239715576,
6768,1.2893407344818115,0.9332053661346436,0.7431938648223877,0.6201121807098389,0.5547358989715576,0.33294081687927246,0.329517126083374,0.329517126083374,0.329517126083374,0.329517126083374,0.329517126083374,0.329517126083374,0.329517126083374,0.329517126083374,0.329517126083374,0.329517126083374,0.3291804790496826,0.3291804790496826,0.3291804790496826,
6831,-0.04454779624938965,-0.04454779624938965,-0.04454779624938965,-0.13034415245056152,-0.17833971977233887,-0.21376967430114746,-0.8496887683868408,-0.9197597503662109,-0.9207592010498047,-0.9207592010498047,-0.9207592010498047,-0.9207592010498047,-0.9207592010498047,-0.9207592010498047,-0.9207592010498047,-0.9207592010498047,-0.9207592010498047,-0.9207592010498047,-0.9207592010498047,
6876,2.403898239135742,2.1700034141540527,2.07991361618042,1.7611088752746582,1.3946309089660645,0.7019834518432617,0.57342529296875,0.57342529296875,0.57342529296875,0.57342529296875,0.57342529296875,0.57342529296875,0.57342529296875,0.57342529296875,0.57342529296875,0.57342529296875,0.57342529296875,0.57342529296875,0.57342529296875,
6940,0.6966962814331055,0.5337543487548828,0.0450434684753418,-0.0011458396911621094,-0.04189729690551758,-0.3676455020904541,-1.0781888961791992,-1.3312063217163086,-1.347048282623291,-1.347048282623291,-1.347048282623291,-1.6123030185699463,-1.6587259769439697,-1.6587259769439697,-1.6587259769439697,-1.6587259769439697,-1.6587259769439697,-1.6587259769439697,-1.6587259769439697,
6957,-1.1664807796478271,-1.4436014890670776,-1.7076653242111206,-1.8408055305480957,-1.9086549282073975,-2.007685899734497,-2.01060152053833,-2.01060152053833,-2.01060152053833,-2.01060152053833,-2.01060152053833,-2.2003424167633057,-2.2015814781188965,-2.2015814781188965,-2.2015814781188965,-2.2015814781188965,-2.2015814781188965,-2.2015814781188965,-2.2015814781188965,
7037,-1.2806594371795654,-1.6215177774429321,-1.7343002557754517,-1.8027902841567993,-1.8027902841567993,-2.241057872772217,-2.4597275257110596,-2.487743377685547,-2.487743377685547,-2.487743377685547,-2.487743377685547,-2.487743377685547,-2.487743377685547,-2.487743377685547,-2.487743377685547,-2.487743377685547,-2.6358656883239746,-2.6429600715637207,-2.6429600715637207,
