41,3.195542335510254,3.195542335510254,3.195542335510254,2.948516368865967,2.948516368865967,2.948516368865967,2.948516368865967,2.8871912956237793,2.8871912956237793,2.8871912956237793,2.8253374099731445,2.8253374099731445,2.8253374099731445,2.8253374099731445,2.8253374099731445,2.8253374099731445,2.8253374099731445,2.8253374099731445,2.8253374099731445,
76,3.816925525665283,3.816925525665283,3.816925525665283,3.807218074798584,3.3110880851745605,3.0453643798828125,2.9512925148010254,2.9512925148010254,2.880833625793457,2.880833625793457,2.880833625793457,2.880833625793457,2.7212605476379395,2.7212605476379395,2.7212605476379395,2.7212605476379395,2.7212605476379395,2.7212605476379395,2.7212605476379395,
144,0.6814353466033936,0.6814353466033936,0.6814353466033936,0.6814353466033936,0.6511659622192383,-0.032038211822509766,-0.032038211822509766,-0.032038211822509766,-0.032038211822509766,-0.032038211822509766,-0.032038211822509766,-0.032038211822509766,-0.10702967643737793,-0.10702967643737793,-0.17992949485778809,-0.17992949485778809,-0.17992949485778809,-0.17992949485778809,-0.17992949485778809,
157,0.3868296146392822,0.029427528381347656,0.029427528381347656,0.029427528381347656,0.029427528381347656,-0.11170077323913574,-0.11170077323913574,-0.11170077323913574,-0.11170077323913574,-0.3306853771209717,-0.3306853771209717,-0.3306853771209717,-0.3306853771209717,-0.3306853771209717,-0.3306853771209717,-0.3306853771209717,-0.3306853771209717,-0.3306853771209717,-0.3306853771209717,
245,-0.5892531871795654,-0.9294388294219971,-1.214473843574524,-1.214473843574524,-1.214473843574524,-1.214473843574524,-1.214473843574524,-1.4901013374328613,-1.4901013374328613,-1.4901013374328613,-1.4901013374328613,-1.4901013374328613,-1.4901013374328613,-1.4901013374328613,-1.4901013374328613,-1.5451805591583252,-1.5451805591583252,-1.5451805591583252,-1.5451805591583252,
273,-5.923442840576172,-6.029717445373535,-6.029717445373535,-6.404087066650391,-6.404087066650391,-6.404087066650391,-6.404087066650391,-6.404087066650391,-6.404087066650391,-6.404087066650391,-6.444916248321533,-6.444916248321533,-6.444916248321533,-6.444916248321533,-6.444916248321533,-6.444916248321533,-6.444916248321533,-6.4931182861328125,-6.4931182861328125,
326,-2.258824110031128,-2.2793242931365967,-2.2793242931365967,-2.2793242931365967,-2.2793242931365967,-2.3112123012542725,-2.4100139141082764,-2.488466262817383,-2.488466262817383,-2.488466262817383,-2.488466262817383,-2.488466262817383,-2.488466262817383,-2.488466262817383,-2.488466262817383,-2.488466262817383,-2.488466262817383,-2.488466262817383,-2.488466262817383,
399,0.5787701606750488,0.3075244426727295,0.259946346282959,0.259946346282959,0.259946346282959,0.18711304664611816,0.18711304664611816,0.18711304664611816,0.18711304664611816,0.18711304664611816,0.18711304664611816,-0.12465381622314453,-0.12465381622314453,-0.12465381622314453,-0.12465381622314453,-0.12465381622314453,-0.12465381622314453,-0.12465381622314453,-0.12465381622314453,
436,-1.700702428817749,-1.9400646686553955,-2.421125888824463,-2.421125888824463,-2.421125888824463,-2.7615456581115723,-2.7615456581115723,-2.7615456581115723,-2.7615456581115723,-2.7615456581115723,-2.7615456581115723,-2.819437026977539,-2.819437026977539,-2.819437026977539,-2.819437026977539,-2.819437026977539,-2.819437026977539,-2.819437026977539,-2.819437026977539,
474,0.9515666961669922,0.9515666961669922,0.9515666961669922,0.9515666961669922,0.9515666961669922,0.4875936508178711,0.4505574703216553,0.39601969718933105,0.2595179080963135,0.2595179080963135,0.2595179080963135,0.2595179080963135,0.2595179080963135,0.2595179080963135,0.2595179080963135,0.2595179080963135,0.2595179080963135,0.2595179080963135,0.2595179080963135,
546,-1.5405471324920654,-1.693953514099121,-1.693953514099121,-1.707634449005127,-1.707634449005127,-2.1259868144989014,-2.1259868144989014,-2.1259868144989014,-2.1259868144989014,-2.1259868144989014,-2.1259868144989014,-2.1259868144989014,-2.1259868144989014,-2.1259868144989014,-2.1259868144989014,-2.1259868144989014,-2.1259868144989014,-2.1259868144989014,-2.1259868144989014,
586,1.1207621097564697,1.1207621097564697,0.9157087802886963,0.7688682079315186,0.7688682079315186,0.7688682079315186,0.6498005390167236,0.6498005390167236,0.6498005390167236,0.6498005390167236,0.6498005390167236,0.6498005390167236,0.6498005390167236,0.5124218463897705,0.3242146968841553,0.3242146968841553,0.3242146968841553,0.3242146968841553,0.3242146968841553,
639,0.5590898990631104,0.5590898990631104,0.5590898990631104,0.5495030879974365,0.36380672454833984,0.36380672454833984,0.36380672454833984,0.3595845699310303,0.3452613353729248,0.3452613353729248,0.3452613353729248,0.3452613353729248,0.3452613353729248,0.3452613353729248,0.2539069652557373,0.2539069652557373,0.2539069652557373,0.2539069652557373,0.2539069652557373,
661,-0.1249380111694336,-0.1249380111694336,-0.4938480854034424,-0.4938480854034424,-0.4938480854034424,-0.6699471473693848,-0.8601655960083008,-0.8601655960083008,-0.8601655960083008,-1.0012853145599365,-1.169029951095581,-1.169029951095581,-1.169029951095581,-1.169029951095581,-1.169029951095581,-1.169029951095581,-1.169029951095581,-1.169029951095581,-1.169029951095581,
737,-6.014554023742676,-6.181761741638184,-6.181761741638184,-6.181761741638184,-6.181761741638184,-6.181761741638184,-6.181761741638184,-6.181761741638184,-6.181761741638184,-6.181761741638184,-6.181761741638184,-6.181761741638184,-6.181761741638184,-6.181761741638184,-6.181761741638184,-6.181761741638184,-6.181761741638184,-6.181761741638184,-6.181761741638184,
776,0.8544316291809082,0.8544316291809082,0.8291888236999512,0.8291888236999512,0.8291888236999512,0.8084244728088379,0.8084244728088379,0.8084244728088379,0.7449336051940918,0.7449336051940918,0.7264819145202637,0.7264819145202637,0.7264819145202637,0.7264819145202637,0.7264819145202637,0.7264819145202637,0.7264819145202637,0.7264819145202637,0.7264819145202637,
836,1.5893900394439697,1.5893900394439697,1.3717334270477295,1.3717334270477295,1.3717334270477295,1.1002299785614014,0.785139799118042,0.785139799118042,0.785139799118042,0.785139799118042,0.785139799118042,0.785139799118042,0.785139799118042,0.785139799118042,0.785139799118042,0.785139799118042,0.785139799118042,0.785139799118042,0.785139799118042,
869,-4.516110897064209,-4.516110897064209,-4.516110897064209,-4.516110897064209,-4.516110897064209,-5.070314884185791,-5.070314884185791,-5.070314884185791,-5.070314884185791,-5.070314884185791,-5.070314884185791,-5.070314884185791,-5.070314884185791,-5.297797679901123,-5.297797679901123,-5.297797679901123,-5.297797679901123,-5.297797679901123,-5.297797679901123,
911,0.2509911060333252,0.10980224609375,-0.388378381729126,-0.388378381729126,-0.7418463230133057,-0.7418463230133057,-0.8800251483917236,-0.8800251483917236,-0.9340198040008545,-0.9340198040008545,-0.9340198040008545,-0.9340198040008545,-0.9340198040008545,-1.2791879177093506,-1.2791879177093506,-1.2791879177093506,-1.2791879177093506,-1.2791879177093506,-1.2791879177093506,
987,1.8910870552062988,1.6368646621704102,1.6368646621704102,1.575986385345459,1.575986385345459,1.1279869079589844,1.0065088272094727,1.0065088272094727,1.0065088272094727,1.0065088272094727,1.0065088272094727,1.0065088272094727,1.0065088272094727,1.0065088272094727,1.0065088272094727,1.0065088272094727,1.0065088272094727,1.0065088272094727,1.0065088272094727,
1025,-0.1950058937072754,-0.1950058937072754,-0.1950058937072754,-0.1950058937072754,-0.1950058937072754,-0.4538686275482178,-0.4625227451324463,-0.6516983509063721,-0.6516983509063721,-0.6516983509063721,-0.6516983509063721,-0.9798293113708496,-0.9798293113708496,-0.9798293113708496,-0.9798293113708496,-0.9798293113708496,-0.9798293113708496,-0.9798293113708496,-0.9798293113708496,
1092,-5.946110725402832,-6.125400543212891,-6.125400543212891,-6.125400543212891,-6.125400543212891,-6.125400543212891,-6.624370098114014,-6.624370098114014,-6.624370098114014,-6.624370098114014,-6.624370098114014,-6.624370098114014,-6.624370098114014,-6.624370098114014,-6.624370098114014,-6.624370098114014,-6.624370098114014,-6.624370098114014,-6.624370098114014,
1128,1.2131316661834717,1.0492279529571533,1.0492279529571533,1.0492279529571533,1.0492279529571533,0.8087842464447021,0.8087842464447021,0.8087842464447021,0.7525789737701416,0.7525789737701416,0.7525789737701416,0.7525789737701416,0.7525789737701416,0.7525789737701416,0.7525789737701416,0.7525789737701416,0.7525789737701416,0.7525789737701416,0.7525789737701416,
1178,-1.392698049545288,-2.0123884677886963,-2.0123884677886963,-2.0123884677886963,-2.0123884677886963,-2.0123884677886963,-2.2313485145568848,-2.2313485145568848,-2.2313485145568848,-2.2313485145568848,-2.2313485145568848,-2.2313485145568848,-2.2313485145568848,-2.2313485145568848,-2.2313485145568848,-2.2313485145568848,-2.2313485145568848,-2.2313485145568848,-2.2313485145568848,
1216,4.0727691650390625,3.8875324726104736,3.82714581489563,3.82714581489563,3.663707971572876,3.663707971572876,3.663707971572876,3.663707971572876,3.617838144302368,3.332817316055298,3.332817316055298,3.332817316055298,3.332817316055298,3.332817316055298,3.332817316055298,3.332817316055298,3.2465240955352783,3.2465240955352783,3.2465240955352783,
1262,2.091630458831787,2.091630458831787,2.091630458831787,2.091630458831787,1.8013825416564941,1.8013825416564941,1.8013825416564941,1.8013825416564941,1.562361717224121,1.562361717224121,1.562361717224121,1.562361717224121,1.562361717224121,1.562361717224121,1.562361717224121,1.562361717224121,1.562361717224121,1.562361717224121,1.562361717224121,
1344,-1.5849014520645142,-1.6561055183410645,-1.6561055183410645,-1.6561055183410645,-1.6561055183410645,-1.6894457340240479,-1.7614306211471558,-1.7614306211471558,-1.7614306211471558,-1.7614306211471558,-1.7614306211471558,-1.7614306211471558,-1.7614306211471558,-1.9187004566192627,-1.9187004566192627,-1.9187004566192627,-1.9187004566192627,-1.9187004566192627,-1.9187004566192627,
1389,-3.2477853298187256,-3.5075385570526123,-4.5440144538879395,-4.5440144538879395,-4.5440144538879395,-4.5440144538879395,-4.5440144538879395,-4.5440144538879395,-4.5440144538879395,-4.5440144538879395,-4.5440144538879395,-4.5440144538879395,-4.5440144538879395,-4.5440144538879395,-4.5440144538879395,-4.5440144538879395,-4.5440144538879395,-4.5440144538879395,-4.5440144538879395,
1409,-5.891383171081543,-5.891383171081543,-5.891383171081543,-5.891383171081543,-5.942417621612549,-5.999129295349121,-5.999129295349121,-6.123476982116699,-6.181220054626465,-6.646114349365234,-6.646114349365234,-6.646114349365234,-6.646114349365234,-6.646114349365234,-6.646114349365234,-6.646114349365234,-6.646114349365234,-6.646114349365234,-6.646114349365234,
1451,4.279006004333496,4.279006004333496,4.034495830535889,3.4523701667785645,3.4523701667785645,3.4523701667785645,3.4523701667785645,3.4002184867858887,3.4002184867858887,3.4002184867858887,3.4002184867858887,3.4002184867858887,3.4002184867858887,3.4002184867858887,3.4002184867858887,3.4002184867858887,3.4002184867858887,3.4002184867858887,3.4002184867858887,
1504,-0.44707751274108887,-1.1247622966766357,-1.1247622966766357,-1.1247622966766357,-1.1247622966766357,-1.1635947227478027,-1.2716469764709473,-1.2716469764709473,-1.2716469764709473,-1.2716469764709473,-1.2716469764709473,-1.2716469764709473,-1.2716469764709473,-1.2716469764709473,-1.2716469764709473,-1.2716469764709473,-1.2716469764709473,-1.2716469764709473,-1.2716469764709473,
1551,0.00963735580444336,-0.05526328086853027,-0.05526328086853027,-0.05526328086853027,-0.10884952545166016,-0.10884952545166016,-0.11892199516296387,-0.5194616317749023,-0.5194616317749023,-0.5194616317749023,-0.5194616317749023,-0.5194616317749023,-0.5194616317749023,-0.5194616317749023,-0.5194616317749023,-0.5194616317749023,-0.5194616317749023,-0.5194616317749023,-0.5194616317749023,
1621,-3.87937331199646,-4.071193218231201,-4.071193218231201,-4.071193218231201,-4.071193218231201,-4.071193218231201,-4.176631927490234,-4.176631927490234,-4.201683044433594,-4.201683044433594,-4.201683044433594,-4.201683044433594,-4.201683044433594,-4.201683044433594,-4.201683044433594,-4.201683044433594,-4.201683044433594,-4.201683044433594,-4.201683044433594,
1685,-4.796338081359863,-4.796338081359863,-5.549833297729492,-5.549833297729492,-5.844272613525391,-5.844272613525391,-5.844272613525391,-5.9585113525390625,-5.9585113525390625,-5.9585113525390625,-5.9585113525390625,-5.9585113525390625,-6.070477485656738,-6.070477485656738,-6.070477485656738,-6.070477485656738,-6.070477485656738,-6.070477485656738,-6.070477485656738,
1726,-3.7301557064056396,-3.7301557064056396,-3.765962839126587,-3.765962839126587,-3.7887516021728516,-4.655067443847656,-4.655067443847656,-4.655067443847656,-4.655067443847656,-4.655067443847656,-4.655067443847656,-4.655067443847656,-4.655067443847656,-4.655067443847656,-4.655067443847656,-4.655067443847656,-4.655067443847656,-4.655067443847656,-4.655067443847656,
1800,-3.8802201747894287,-3.981154680252075,-3.981154680252075,-3.981154680252075,-3.981154680252075,-3.981154680252075,-3.981154680252075,-3.981154680252075,-3.981154680252075,-4.183785438537598,-4.183785438537598,-4.183785438537598,-4.183785438537598,-4.183785438537598,-4.183785438537598,-4.183785438537598,-4.183785438537598,-4.183785438537598,-4.183785438537598,
1839,-3.7889492511749268,-3.7889492511749268,-3.7889492511749268,-3.7889492511749268,-3.976836681365967,-4.125343322753906,-4.125343322753906,-4.125343322753906,-4.125343322753906,-4.125343322753906,-4.125343322753906,-4.125343322753906,-4.154708385467529,-4.192700386047363,-4.192700386047363,-4.192700386047363,-4.192700386047363,-4.2967634201049805,-4.2967634201049805,
1881,-2.1922574043273926,-2.215254306793213,-2.215254306793213,-2.215254306793213,-2.2875208854675293,-2.2875208854675293,-2.2875208854675293,-2.2875208854675293,-2.2875208854675293,-2.6919777393341064,-2.6919777393341064,-2.6919777393341064,-2.6919777393341064,-2.6919777393341064,-2.6919777393341064,-2.6919777393341064,-2.6919777393341064,-2.6919777393341064,-2.6919777393341064,
1941,-0.6331312656402588,-1.1944377422332764,-1.1944377422332764,-1.3096613883972168,-1.3096613883972168,-1.8117907047271729,-1.8117907047271729,-1.8117907047271729,-1.8117907047271729,-1.8117907047271729,-1.8117907047271729,-1.8117907047271729,-1.8117907047271729,-1.9816253185272217,-2.092975616455078,-2.092975616455078,-2.092975616455078,-2.092975616455078,-2.092975616455078,
1967,-1.3760838508605957,-1.4729068279266357,-1.509460687637329,-1.509460687637329,-1.6446022987365723,-1.6446022987365723,-1.6446022987365723,-1.6446022987365723,-1.771505355834961,-1.771505355834961,-1.771505355834961,-1.771505355834961,-1.771505355834961,-1.771505355834961,-1.771505355834961,-1.771505355834961,-1.771505355834961,-1.771505355834961,-1.771505355834961,
2042,-4.118511199951172,-4.118511199951172,-4.118511199951172,-4.118511199951172,-4.118511199951172,-4.118511199951172,-4.118511199951172,-4.118511199951172,-4.118511199951172,-4.118511199951172,-4.118511199951172,-4.118511199951172,-4.139395713806152,-4.139395713806152,-4.139395713806152,-4.139395713806152,-4.139395713806152,-4.139395713806152,-4.416638374328613,
2056,-2.642218589782715,-2.642218589782715,-3.0482559204101562,-3.0482559204101562,-3.0482559204101562,-3.2036564350128174,-3.819852352142334,-3.819852352142334,-3.819852352142334,-3.819852352142334,-3.819852352142334,-3.819852352142334,-3.819852352142334,-3.819852352142334,-3.819852352142334,-3.819852352142334,-3.819852352142334,-3.819852352142334,-3.819852352142334,
2106,1.5171270370483398,1.5171270370483398,0.9374971389770508,0.9374971389770508,0.8474893569946289,0.8474893569946289,0.8445315361022949,0.7911162376403809,0.7911162376403809,0.7911162376403809,0.7911162376403809,0.7911162376403809,0.7911162376403809,0.7911162376403809,0.7911162376403809,0.7911162376403809,0.7911162376403809,0.7911162376403809,0.7911162376403809,
2191,1.1060564517974854,1.1060564517974854,1.1060564517974854,1.1060564517974854,1.1060564517974854,1.1060564517974854,1.1060564517974854,1.1060564517974854,1.1060564517974854,1.1060564517974854,1.1060564517974854,1.1060564517974854,1.1060564517974854,1.1060564517974854,1.1060564517974854,1.1060564517974854,1.1060564517974854,1.1060564517974854,1.1060564517974854,
2216,0.5084927082061768,-0.007059812545776367,-0.007059812545776367,-0.007059812545776367,-0.007059812545776367,-0.007059812545776367,-0.007059812545776367,-0.08198046684265137,-0.08198046684265137,-0.08198046684265137,-0.3876612186431885,-0.3876612186431885,-0.3876612186431885,-0.3876612186431885,-0.3876612186431885,-0.3876612186431885,-0.3876612186431885,-0.3876612186431885,-0.3876612186431885,
2298,3.2958321571350098,3.2958321571350098,3.2958321571350098,3.2958321571350098,3.2958321571350098,2.9319777488708496,2.9319777488708496,2.9319777488708496,2.9319777488708496,2.9319777488708496,2.9319777488708496,2.9319777488708496,2.9319777488708496,2.9319777488708496,2.9319777488708496,2.9319777488708496,2.8407139778137207,2.8407139778137207,2.8407139778137207,
2339,-3.2283995151519775,-3.470180034637451,-3.470180034637451,-3.470180034637451,-3.470180034637451,-3.874755620956421,-3.9150843620300293,-3.9802794456481934,-3.9802794456481934,-3.9802794456481934,-3.9802794456481934,-3.9802794456481934,-3.9802794456481934,-4.063146114349365,-4.080104827880859,-4.080104827880859,-4.080104827880859,-4.080104827880859,-4.080104827880859,
2358,2.3746249675750732,1.960942029953003,1.960942029953003,1.960942029953003,1.960942029953003,1.6953909397125244,1.6953909397125244,1.185302972793579,1.185302972793579,1.185302972793579,1.185302972793579,1.185302972793579,1.185302972793579,1.185302972793579,1.185302972793579,1.185302972793579,1.185302972793579,1.185302972793579,1.185302972793579,
2444,-1.3401973247528076,-1.3401973247528076,-1.3401973247528076,-1.3401973247528076,-1.3401973247528076,-1.4177460670471191,-1.688767433166504,-1.688767433166504,-1.688767433166504,-1.688767433166504,-1.688767433166504,-1.688767433166504,-1.688767433166504,-1.688767433166504,-2.0425615310668945,-2.0425615310668945,-2.0425615310668945,-2.0425615310668945,-2.0425615310668945,
2466,-3.0462684631347656,-3.0462684631347656,-3.275883913040161,-3.275883913040161,-3.5437989234924316,-3.5437989234924316,-3.9526240825653076,-3.9526240825653076,-3.9526240825653076,-3.9526240825653076,-3.9526240825653076,-3.9526240825653076,-3.9526240825653076,-4.104701042175293,-4.104701042175293,-4.104701042175293,-4.104701042175293,-4.104701042175293,-4.104701042175293,
2506,-2.5429275035858154,-2.643737316131592,-2.643737316131592,-2.643737316131592,-2.6960887908935547,-2.722604513168335,-2.8414206504821777,-2.8414206504821777,-2.8414206504821777,-2.8414206504821777,-3.025949478149414,-3.085017204284668,-3.085017204284668,-3.085017204284668,-3.085017204284668,-3.085017204284668,-3.085017204284668,-3.085017204284668,-3.085017204284668,
2596,1.3377280235290527,0.23836660385131836,0.23836660385131836,0.23836660385131836,0.23836660385131836,0.23836660385131836,-0.10059905052185059,-0.10059905052185059,-0.10059905052185059,-0.10059905052185059,-0.10059905052185059,-0.10059905052185059,-0.3468449115753174,-0.3468449115753174,-0.3468449115753174,-0.3468449115753174,-0.3468449115753174,-0.3468449115753174,-0.3468449115753174,
2627,1.9961626529693604,1.9086687564849854,1.50284743309021,1.50284743309021,1.50284743309021,1.50284743309021,1.2794711589813232,1.2794711589813232,1.2794711589813232,1.2794711589813232,1.2794711589813232,1.2771022319793701,1.2771022319793701,1.2771022319793701,1.2771022319793701,1.2771022319793701,1.2771022319793701,1.2771022319793701,1.2771022319793701,
2694,-5.1760478019714355,-5.2984938621521,-5.2984938621521,-5.2984938621521,-5.2984938621521,-5.576353073120117,-5.576353073120117,-5.576353073120117,-5.576353073120117,-5.5836381912231445,-5.5836381912231445,-5.5836381912231445,-5.5836381912231445,-5.5836381912231445,-5.5836381912231445,-5.5836381912231445,-5.5836381912231445,-5.5836381912231445,-5.5836381912231445,
2702,-2.8309974670410156,-3.059408187866211,-3.059408187866211,-3.8913538455963135,-3.8913538455963135,-3.8913538455963135,-3.8913538455963135,-3.8913538455963135,-3.8913538455963135,-3.8913538455963135,-3.8913538455963135,-3.8913538455963135,-3.8913538455963135,-3.8913538455963135,-3.8913538455963135,-3.8913538455963135,-3.8913538455963135,-3.8913538455963135,-3.8913538455963135,
2786,-1.7588562965393066,-1.7588562965393066,-2.2966983318328857,-2.2966983318328857,-2.2966983318328857,-2.2966983318328857,-2.2966983318328857,-2.2966983318328857,-2.2966983318328857,-2.2966983318328857,-2.2966983318328857,-2.2966983318328857,-2.373020648956299,-2.373020648956299,-2.373020648956299,-2.5448691844940186,-2.5448691844940186,-2.5448691844940186,-2.5448691844940186,
2816,0.7666854858398438,0.7666854858398438,0.7666854858398438,0.7086186408996582,0.3303351402282715,0.3303351402282715,0.3303351402282715,0.3303351402282715,0.3303351402282715,0.3303351402282715,0.23551321029663086,0.23551321029663086,0.23551321029663086,0.15392065048217773,0.15392065048217773,0.15392065048217773,0.15392065048217773,0.15392065048217773,0.15385913848876953,
2886,0.793360710144043,0.793360710144043,0.793360710144043,0.782808780670166,0.782808780670166,0.6756505966186523,0.6721487045288086,0.6721487045288086,0.6721487045288086,0.6721487045288086,0.6721487045288086,0.6721487045288086,0.6721487045288086,0.6721487045288086,0.6721487045288086,0.6721487045288086,0.6721487045288086,0.6721487045288086,0.6721487045288086,
2907,0.09196233749389648,-0.09819960594177246,-0.09819960594177246,-0.09819960594177246,-0.10068941116333008,-0.537212610244751,-0.8672363758087158,-0.8876357078552246,-0.8876357078552246,-0.8876357078552246,-0.8876357078552246,-0.8876357078552246,-0.8876357078552246,-0.8876357078552246,-0.8876357078552246,-0.8876357078552246,-0.8876357078552246,-0.8876357078552246,-0.8876357078552246,
2981,-3.983464241027832,-3.983464241027832,-3.983464241027832,-3.983464241027832,-3.983464241027832,-4.117710113525391,-4.244024753570557,-4.244024753570557,-4.244024753570557,-4.244024753570557,-4.244024753570557,-4.244024753570557,-4.244024753570557,-4.244024753570557,-4.244024753570557,-4.244024753570557,-4.244024753570557,-4.244024753570557,-4.389892101287842,
3037,-3.567383289337158,-3.567383289337158,-3.635138988494873,-3.635138988494873,-3.635138988494873,-3.635138988494873,-3.6831212043762207,-3.6831212043762207,-3.6831212043762207,-3.6831212043762207,-3.6831212043762207,-3.6831212043762207,-3.6831212043762207,-3.6831212043762207,-3.6831212043762207,-3.6831212043762207,-3.6831212043762207,-3.6831212043762207,-3.6831212043762207,
3086,-1.412907600402832,-1.5979994535446167,-1.5979994535446167,-1.5979994535446167,-1.5979994535446167,-1.5979994535446167,-1.7322397232055664,-1.7322397232055664,-1.7322397232055664,-1.7322397232055664,-1.7322397232055664,-1.7322397232055664,-1.7512037754058838,-1.7512037754058838,-1.7512037754058838,-1.7512037754058838,-1.7512037754058838,-1.7512037754058838,-1.7512037754058838,
3122,-5.639121055603027,-6.023567199707031,-6.023567199707031,-6.023567199707031,-6.023567199707031,-6.023567199707031,-6.023567199707031,-6.023567199707031,-6.023567199707031,-6.023567199707031,-6.023567199707031,-6.023567199707031,-6.023567199707031,-6.023567199707031,-6.023567199707031,-6.023567199707031,-6.023567199707031,-6.023567199707031,-6.023567199707031,
3198,-2.399122714996338,-2.399122714996338,-2.4297218322753906,-2.4297218322753906,-2.4297218322753906,-2.636472463607788,-2.8135111331939697,-2.8135111331939697,-2.8135111331939697,-2.8135111331939697,-2.8135111331939697,-2.8135111331939697,-2.8135111331939697,-2.8135111331939697,-2.8135111331939697,-2.8135111331939697,-2.8135111331939697,-2.8135111331939697,-2.8135111331939697,
3221,-0.8072295188903809,-0.8836343288421631,-0.8836343288421631,-0.8836343288421631,-0.9539754390716553,-1.2323777675628662,-1.2323777675628662,-1.2323777675628662,-1.5317268371582031,-1.5317268371582031,-1.5317268371582031,-1.5317268371582031,-1.5317268371582031,-1.5317268371582031,-1.5317268371582031,-1.5317268371582031,-1.5317268371582031,-1.5317268371582031,-1.5317268371582031,
3251,-3.6596765518188477,-3.6596765518188477,-3.6596765518188477,-3.6596765518188477,-3.6596765518188477,-3.9780349731445312,-3.9780349731445312,-3.9780349731445312,-3.9780349731445312,-3.9780349731445312,-3.9780349731445312,-4.00030517578125,-4.00030517578125,-4.00030517578125,-4.00030517578125,-4.00030517578125,-4.156576633453369,-4.156576633453369,-4.156576633453369,
3335,-0.7720296382904053,-0.7720296382904053,-0.7720296382904053,-0.7720296382904053,-0.7720296382904053,-1.4084179401397705,-1.4084179401397705,-1.4084179401397705,-1.8333619832992554,-1.8333619832992554,-1.8333619832992554,-1.8333619832992554,-1.8333619832992554,-1.8333619832992554,-1.8333619832992554,-1.8333619832992554,-1.8333619832992554,-1.8333619832992554,-1.8333619832992554,
3381,-3.355130195617676,-3.355130195617676,-3.355130195617676,-3.355130195617676,-3.355130195617676,-3.355130195617676,-3.355130195617676,-3.355130195617676,-3.355130195617676,-3.355130195617676,-3.355130195617676,-3.355130195617676,-3.355130195617676,-3.5135955810546875,-3.658616065979004,-3.658616065979004,-3.658616065979004,-3.658616065979004,-3.658616065979004,
3434,-4.150352954864502,-4.97139835357666,-4.97139835357666,-4.97139835357666,-4.97139835357666,-4.985583782196045,-5.3413801193237305,-5.3413801193237305,-5.3413801193237305,-5.342106819152832,-5.342106819152832,-5.342106819152832,-5.342106819152832,-5.342106819152832,-5.342106819152832,-5.342106819152832,-5.342106819152832,-5.342106819152832,-5.406164646148682,
3483,4.178073883056641,4.178073883056641,3.869337320327759,3.869337320327759,3.869337320327759,3.6784355640411377,3.583592176437378,3.583592176437378,3.583592176437378,3.583592176437378,3.583592176437378,3.583592176437378,3.583592176437378,3.583592176437378,3.583592176437378,3.583592176437378,3.583592176437378,3.5511372089385986,3.5511372089385986,
3511,1.6493446826934814,1.6493446826934814,1.4218261241912842,1.4218261241912842,1.4218261241912842,1.4218261241912842,1.3496825695037842,1.3496825695037842,1.2983205318450928,1.179013967514038,1.179013967514038,1.179013967514038,1.179013967514038,1.179013967514038,1.179013967514038,1.179013967514038,1.179013967514038,1.179013967514038,1.179013967514038,
3550,3.623307704925537,3.623307704925537,3.623307704925537,3.5671629905700684,3.5671629905700684,3.291271209716797,3.291271209716797,3.291271209716797,3.291271209716797,3.291271209716797,3.291271209716797,3.291271209716797,3.291271209716797,3.291271209716797,3.291271209716797,3.291271209716797,3.291271209716797,3.291271209716797,3.291271209716797,
3634,-1.7892590761184692,-2.027259588241577,-2.027259588241577,-2.027259588241577,-2.027259588241577,-2.081361770629883,-2.081361770629883,-2.081361770629883,-2.081361770629883,-2.081361770629883,-2.081361770629883,-2.081361770629883,-2.081361770629883,-2.081361770629883,-2.088998317718506,-2.088998317718506,-2.088998317718506,-2.088998317718506,-2.088998317718506,
3696,-3.001710891723633,-3.001710891723633,-3.001710891723633,-3.001710891723633,-3.001710891723633,-3.0973641872406006,-3.0973641872406006,-3.0973641872406006,-3.0973641872406006,-3.0973641872406006,-3.0973641872406006,-3.0973641872406006,-3.0973641872406006,-3.0973641872406006,-3.0973641872406006,-3.0973641872406006,-3.0973641872406006,-3.0973641872406006,-3.0973641872406006,
3743,-3.7338690757751465,-3.9005658626556396,-3.9005658626556396,-3.9005658626556396,-3.9005658626556396,-3.9728455543518066,-4.104487895965576,-4.104487895965576,-4.104487895965576,-4.110102653503418,-4.110102653503418,-4.232279300689697,-4.232279300689697,-4.232279300689697,-4.232279300689697,-4.236660003662109,-4.236660003662109,-4.236660003662109,-4.236660003662109,
3800,-0.5073821544647217,-0.9758024215698242,-0.9758024215698242,-1.0376594066619873,-1.0376594066619873,-1.0376594066619873,-1.1805384159088135,-1.1805384159088135,-1.1805384159088135,-1.1805384159088135,-1.1805384159088135,-1.1805384159088135,-1.1805384159088135,-1.1805384159088135,-1.1805384159088135,-1.6388918161392212,-1.6388918161392212,-1.6388918161392212,-1.6388918161392212,
3839,-2.5560529232025146,-2.6987738609313965,-2.6987738609313965,-3.130366802215576,-3.130366802215576,-3.234983444213867,-3.394279718399048,-3.394279718399048,-3.394279718399048,-3.394279718399048,-3.394279718399048,-3.394279718399048,-3.394279718399048,-3.394279718399048,-3.394279718399048,-3.394279718399048,-3.394279718399048,-3.394279718399048,-3.394279718399048,
3880,-3.0584208965301514,-3.0584208965301514,-3.0584208965301514,-3.329376697540283,-3.329376697540283,-3.354891777038574,-3.354891777038574,-3.354891777038574,-3.354891777038574,-3.354891777038574,-3.354891777038574,-3.354891777038574,-3.354891777038574,-3.354891777038574,-3.354891777038574,-3.354891777038574,-3.473255157470703,-3.473255157470703,-3.473255157470703,
3906,2.0130820274353027,1.73931884765625,1.73931884765625,1.3825187683105469,1.3825187683105469,1.144871711730957,1.144871711730957,1.144871711730957,1.144871711730957,1.144871711730957,1.144871711730957,1.144871711730957,1.144871711730957,1.144871711730957,1.144871711730957,1.144871711730957,1.144871711730957,1.144871711730957,1.144871711730957,
3974,-1.9007313251495361,-2.894191265106201,-2.894191265106201,-2.894191265106201,-2.894191265106201,-2.894191265106201,-3.0146379470825195,-3.0146379470825195,-3.0146379470825195,-3.0146379470825195,-3.0146379470825195,-3.0146379470825195,-3.631195068359375,-3.631195068359375,-3.631195068359375,-3.631195068359375,-3.631195068359375,-3.631195068359375,-3.631195068359375,
4006,0.6918280124664307,0.6918280124664307,0.6918280124664307,0.6918280124664307,0.4491703510284424,0.4491703510284424,0.4491703510284424,-0.13913941383361816,-0.13913941383361816,-0.13913941383361816,-0.13913941383361816,-0.13913941383361816,-0.13913941383361816,-0.13913941383361816,-0.13913941383361816,-0.13913941383361816,-0.13913941383361816,-0.13913941383361816,-0.13913941383361816,
4051,0.5700597763061523,0.2876608371734619,0.22343158721923828,0.22343158721923828,0.22343158721923828,0.13750505447387695,0.07438182830810547,-0.07758569717407227,-0.07758569717407227,-0.07758569717407227,-0.09807205200195312,-0.09807205200195312,-0.09807205200195312,-0.09807205200195312,-0.09807205200195312,-0.09807205200195312,-0.1371750831604004,-0.1371750831604004,-0.1371750831604004,
4106,-1.0464794635772705,-1.1546745300292969,-1.1546745300292969,-1.1546745300292969,-1.1546745300292969,-1.1655786037445068,-1.1655786037445068,-1.1655786037445068,-1.1655786037445068,-1.1655786037445068,-1.1655786037445068,-1.183995246887207,-1.183995246887207,-1.183995246887207,-1.183995246887207,-1.2807996273040771,-1.2807996273040771,-1.2807996273040771,-1.2807996273040771,
4186,2.3934733867645264,2.3779489994049072,2.3167340755462646,1.5283839702606201,1.5283839702606201,1.5283839702606201,1.5265381336212158,1.5265381336212158,1.5265381336212158,1.5265381336212158,1.2553789615631104,1.2553789615631104,1.2553789615631104,1.2553789615631104,1.2553789615631104,1.2553789615631104,1.2553789615631104,1.2553789615631104,1.2553789615631104,
4228,5.412309169769287,5.412309169769287,4.692290782928467,4.692290782928467,4.692290782928467,4.06892204284668,4.06892204284668,4.06892204284668,4.06892204284668,4.06892204284668,4.06892204284668,4.06892204284668,4.06892204284668,4.06892204284668,4.06892204284668,4.06892204284668,4.06892204284668,4.06892204284668,4.06892204284668,
4271,0.47895336151123047,-0.35312795639038086,-0.7902920246124268,-0.7902920246124268,-0.7902920246124268,-0.7902920246124268,-1.0143120288848877,-1.0143120288848877,-1.0143120288848877,-1.0143120288848877,-1.0143120288848877,-1.0143120288848877,-1.0143120288848877,-1.0220887660980225,-1.0220887660980225,-1.0220887660980225,-1.0220887660980225,-1.0220887660980225,-1.0220887660980225,
4328,-2.738088846206665,-2.738088846206665,-2.738088846206665,-2.738088846206665,-2.738088846206665,-2.738088846206665,-2.738088846206665,-2.738088846206665,-2.7383642196655273,-2.7383642196655273,-2.7383642196655273,-2.7383642196655273,-2.7383642196655273,-2.7383642196655273,-2.7383642196655273,-2.7383642196655273,-2.7383642196655273,-2.7383642196655273,-2.7383642196655273,
4400,3.0792174339294434,3.0792174339294434,3.0792174339294434,3.0792174339294434,3.0792174339294434,2.9192514419555664,2.9192514419555664,2.868130683898926,2.868130683898926,2.868130683898926,2.868130683898926,2.868130683898926,2.868130683898926,2.868130683898926,2.868130683898926,2.680011749267578,2.680011749267578,2.680011749267578,2.680011749267578,
4444,-1.33241605758667,-1.8143630027770996,-1.8302912712097168,-1.8302912712097168,-1.8302912712097168,-2.309042453765869,-2.425999164581299,-2.8299012184143066,-2.8299012184143066,-2.8299012184143066,-2.8299012184143066,-2.8299012184143066,-2.8299012184143066,-2.8299012184143066,-2.8299012184143066,-2.8299012184143066,-2.8299012184143066,-2.8299012184143066,-2.8299012184143066,
4489,-1.8330543041229248,-1.8330543041229248,-1.8330543041229248,-1.8330543041229248,-2.6796886920928955,-2.6796886920928955,-2.756373405456543,-2.756373405456543,-2.756373405456543,-2.756373405456543,-2.756373405456543,-2.756373405456543,-2.756373405456543,-2.756373405456543,-2.756373405456543,-2.756373405456543,-2.756373405456543,-2.756373405456543,-2.756373405456543,
4541,1.5409152507781982,1.3633015155792236,1.3633015155792236,1.3633015155792236,1.3633015155792236,1.2136852741241455,1.1672008037567139,1.1672008037567139,1.0426304340362549,1.0426304340362549,1.0426304340362549,1.0426304340362549,1.0426304340362549,1.0426304340362549,1.0426304340362549,0.8550751209259033,0.8550751209259033,0.8550751209259033,0.8550751209259033,
4585,-5.239577770233154,-5.239577770233154,-5.269176959991455,-5.633465766906738,-5.633465766906738,-5.633465766906738,-5.633465766906738,-6.049931526184082,-6.049931526184082,-6.049931526184082,-6.049931526184082,-6.049931526184082,-6.049931526184082,-6.049931526184082,-6.049931526184082,-6.049931526184082,-6.049931526184082,-6.049931526184082,-6.049931526184082,
4617,0.7369868755340576,0.7164530754089355,0.7164530754089355,0.45314931869506836,0.45314931869506836,0.4369385242462158,0.2831144332885742,0.2831144332885742,0.2831144332885742,-0.2604715824127197,-0.2604715824127197,-0.2604715824127197,-0.2604715824127197,-0.2604715824127197,-0.2604715824127197,-0.2604715824127197,-0.2604715824127197,-0.2604715824127197,-0.2604715824127197,
4697,0.9097461700439453,0.9097461700439453,0.8142156600952148,0.7877106666564941,0.7815756797790527,0.544590950012207,0.4049100875854492,0.4049100875854492,0.4049100875854492,0.4049100875854492,0.33417797088623047,0.33417797088623047,0.33417797088623047,0.33417797088623047,0.33417797088623047,0.33417797088623047,0.33417797088623047,0.33417797088623047,0.33417797088623047,
4730,3.4746906757354736,3.4746906757354736,3.4746906757354736,3.4746906757354736,3.4106295108795166,2.7572309970855713,2.7572309970855713,2.7572309970855713,2.7572309970855713,2.7572309970855713,2.7572309970855713,2.7572309970855713,2.7572309970855713,2.7572309970855713,2.7572309970855713,2.7572309970855713,2.7572309970855713,2.7572309970855713,2.7572309970855713,
4788,-0.1827847957611084,-0.1827847957611084,-0.1827847957611084,-0.1827847957611084,-0.1827847957611084,-0.48703980445861816,-0.48703980445861816,-0.48703980445861816,-0.48703980445861816,-0.48703980445861816,-0.48703980445861816,-0.48703980445861816,-0.48703980445861816,-0.48703980445861816,-0.48703980445861816,-0.48703980445861816,-0.48703980445861816,-0.48703980445861816,-0.48703980445861816,
4844,4.216338157653809,3.9818551540374756,3.892871618270874,3.892871618270874,3.7868354320526123,3.6147549152374268,3.6147549152374268,3.6147549152374268,3.6147549152374268,3.6147549152374268,3.5585825443267822,3.5585825443267822,3.5585825443267822,3.5585825443267822,3.5585825443267822,3.5585825443267822,3.5585825443267822,3.5585825443267822,3.5585825443267822,
4891,0.5487315654754639,0.5487315654754639,0.3917887210845947,0.3577260971069336,-0.12049555778503418,-0.12049555778503418,-0.12049555778503418,-0.17357468605041504,-0.5770993232727051,-0.5770993232727051,-0.5770993232727051,-0.5770993232727051,-0.5770993232727051,-0.5770993232727051,-0.5770993232727051,-0.5770993232727051,-0.5770993232727051,-0.5770993232727051,-0.5770993232727051,
4942,-2.183347225189209,-2.8809831142425537,-3.410210132598877,-4.28389310836792,-4.28389310836792,-4.28389310836792,-4.3196892738342285,-4.3196892738342285,-4.3196892738342285,-4.3196892738342285,-4.400490760803223,-4.400490760803223,-4.400490760803223,-4.400490760803223,-4.400490760803223,-4.400490760803223,-4.400490760803223,-4.400490760803223,-4.714534282684326,
41,3.270881175994873,3.057206153869629,2.899064540863037,2.8138833045959473,2.711521625518799,2.625460624694824,2.6179680824279785,2.6179680824279785,2.6179680824279785,2.241952419281006,2.199049949645996,2.197108745574951,2.197108745574951,2.197108745574951,2.197108745574951,2.197108745574951,2.197108745574951,2.197108745574951,2.197108745574951,
76,3.816321849822998,3.0453643798828125,2.678525447845459,2.0916390419006348,1.90216064453125,1.605595588684082,1.5750212669372559,1.5750212669372559,1.5750212669372559,1.5750212669372559,1.5750212669372559,1.5750212669372559,1.5750212669372559,1.5750212669372559,1.5750212669372559,1.5750212669372559,1.5750212669372559,1.5750212669372559,1.5750212669372559,
144,0.6814353466033936,0.653557538986206,0.3772006034851074,0.17146992683410645,-0.03152346611022949,-0.31237030029296875,-0.33801794052124023,-0.33801794052124023,-0.8468644618988037,-1.061978816986084,-1.0635701417922974,-1.0709288120269775,-1.0801589488983154,-1.0801589488983154,-1.0801589488983154,-1.0801589488983154,-1.0801589488983154,-1.0801589488983154,-1.0801589488983154,
157,0.10337257385253906,0.10337257385253906,-0.04142618179321289,-0.687497615814209,-0.687497615814209,-0.7846086025238037,-0.7872703075408936,-0.7872703075408936,-0.7872703075408936,-0.7872703075408936,-0.7872703075408936,-0.7872703075408936,-0.7872703075408936,-0.9530113935470581,-0.9656283855438232,-0.9656283855438232,-0.9656283855438232,-0.9656283855438232,-0.9656283855438232,
