343,-1.016925573348999,-1.1247361898422241,-1.1391791105270386,-1.1391791105270386,-1.3536434173583984,-1.6586796045303345,-1.9144536256790161,-1.9150662422180176,-1.9150662422180176,-1.9150662422180176,-2.1977224349975586,-2.236117362976074,-2.236541986465454,-2.236541986465454,-2.236541986465454,-2.236541986465454,-2.236541986465454,-2.236541986465454,-2.236541986465454,
619,0.3263370990753174,0.19914031028747559,0.17180180549621582,0.17180180549621582,0.17180180549621582,-0.07777047157287598,-0.24945759773254395,-0.2564709186553955,-0.2564709186553955,-0.2564709186553955,-0.2564709186553955,-0.2564709186553955,-0.2564709186553955,-0.3470914363861084,-0.3945887088775635,-0.4049723148345947,-0.4049723148345947,-0.4049723148345947,-0.4049723148345947,
1307,-2.424987316131592,-2.561784267425537,-2.561784267425537,-2.561784267425537,-2.5830414295196533,-2.8392772674560547,-2.8471734523773193,-2.876173973083496,-2.876173973083496,-2.8768253326416016,-2.9403581619262695,-2.955622434616089,-2.955814838409424,-2.955814838409424,-2.955814838409424,-2.955814838409424,-2.955814838409424,-2.955814838409424,-2.955814838409424,
1690,-2.06534481048584,-2.2099556922912598,-2.4590892791748047,-2.4590892791748047,-2.6559643745422363,-3.074030637741089,-3.6003339290618896,-3.627492904663086,-3.627492904663086,-3.627492904663086,-3.627492904663086,-3.627492904663086,-3.627492904663086,-3.627492904663086,-3.627492904663086,-3.627492904663086,-3.627492904663086,-3.627492904663086,-3.627492904663086,
2033,-3.280398368835449,-3.4848647117614746,-4.002748012542725,-4.002748012542725,-4.0991129875183105,-4.2416534423828125,-4.2416534423828125,-4.2416534423828125,-4.2416534423828125,-4.2416534423828125,-4.2416534423828125,-4.2416534423828125,-4.2416534423828125,-4.2416534423828125,-4.2416534423828125,-4.2416534423828125,-4.2416534423828125,-4.2416534423828125,-4.2416534423828125,
2943,-3.7373411655426025,-3.7373411655426025,-3.8716611862182617,-3.9118142127990723,-3.9900290966033936,-4.137289524078369,-4.464836120605469,-4.490333080291748,-4.490333080291748,-4.492050647735596,-4.492050647735596,-4.492050647735596,-4.492050647735596,-4.492050647735596,-4.492050647735596,-4.492050647735596,-4.492050647735596,-4.492050647735596,-4.492050647735596,
3500,1.4541637897491455,1.2180249691009521,1.1909587383270264,1.1909587383270264,0.9921185970306396,0.793832540512085,0.7898256778717041,0.7898256778717041,0.7898256778717041,0.7898256778717041,0.7898256778717041,0.7898256778717041,0.7898256778717041,0.7898256778717041,0.7898256778717041,0.7898256778717041,0.7898256778717041,0.7898256778717041,0.7898256778717041,
3867,-2.0976181030273438,-2.0976181030273438,-2.2154369354248047,-2.2282512187957764,-2.2675247192382812,-2.476794958114624,-2.5281572341918945,-2.5281572341918945,-2.5281572341918945,-2.5281572341918945,-2.5281572341918945,-2.5281572341918945,-2.5281572341918945,-2.5281572341918945,-2.5466551780700684,-2.5472638607025146,-2.5472638607025146,-2.5472638607025146,-2.5472638607025146,
4126,-1.0861730575561523,-1.1910655498504639,-1.1910655498504639,-1.196486473083496,-1.196486473083496,-1.745009422302246,-1.8133139610290527,-1.8178462982177734,-1.8178462982177734,-1.8178462982177734,-1.8178462982177734,-1.8178462982177734,-1.8178462982177734,-1.8178462982177734,-1.8178462982177734,-1.8178462982177734,-1.8178462982177734,-1.8178462982177734,-1.8178462982177734,
4992,-4.780608177185059,-5.098677158355713,-5.098677158355713,-5.098677158355713,-5.098677158355713,-5.098677158355713,-5.336826801300049,-5.342833518981934,-5.342833518981934,-5.342833518981934,-5.342833518981934,-5.342833518981934,-5.342833518981934,-5.342833518981934,-5.342833518981934,-5.342833518981934,-5.342833518981934,-5.342833518981934,-5.342833518981934,
5162,-5.098955154418945,-5.472862720489502,-5.472862720489502,-5.879406452178955,-5.915469646453857,-6.218683242797852,-6.225017070770264,-6.225017070770264,-6.225017070770264,-6.225017070770264,-6.225017070770264,-6.225017070770264,-6.225017070770264,-6.225017070770264,-6.225017070770264,-6.225017070770264,-6.225017070770264,-6.277894496917725,-6.283352851867676,
5869,0.6249098777770996,0.6249098777770996,0.6161603927612305,0.5288193225860596,0.528439998626709,0.422745943069458,0.4145314693450928,0.15319037437438965,0.14368414878845215,0.14368414878845215,0.14368414878845215,0.14368414878845215,0.14368414878845215,0.14368414878845215,0.14368414878845215,0.14368414878845215,0.14368414878845215,0.14368414878845215,0.14368414878845215,
6200,-2.7337660789489746,-2.7337660789489746,-2.780207633972168,-2.780207633972168,-2.8944551944732666,-3.4737637042999268,-3.4737637042999268,-3.4737637042999268,-3.556999683380127,-3.556999683380127,-3.556999683380127,-3.556999683380127,-3.556999683380127,-3.556999683380127,-3.556999683380127,-3.556999683380127,-3.556999683380127,-3.556999683380127,-3.556999683380127,
6827,2.762718915939331,2.762718915939331,2.3042094707489014,2.3042094707489014,2.1369426250457764,1.2022178173065186,1.022883653640747,1.022883653640747,1.022883653640747,1.022883653640747,1.022883653640747,1.022883653640747,1.022883653640747,1.022883653640747,1.022883653640747,1.022883653640747,1.022883653640747,1.022883653640747,1.022883653640747,
7210,3.197417736053467,2.849475383758545,2.849475383758545,2.849475383758545,2.7807044982910156,2.4542741775512695,2.258246898651123,2.2488856315612793,2.2488856315612793,2.1066460609436035,2.0322227478027344,2.0322227478027344,2.0322227478027344,2.0322227478027344,2.0322227478027344,2.0322227478027344,2.0322227478027344,2.0322227478027344,2.0322227478027344,
7592,-3.340179920196533,-3.340179920196533,-3.340179920196533,-3.4447474479675293,-3.480684280395508,-3.671088695526123,-3.6841259002685547,-3.8629448413848877,-3.887056350708008,-3.887056350708008,-3.887056350708008,-3.887056350708008,-3.887056350708008,-3.887056350708008,-3.887056350708008,-3.931326150894165,-3.935755729675293,-3.935755729675293,-3.935755729675293,
8300,-0.26871490478515625,-0.3781750202178955,-0.38685083389282227,-0.43029093742370605,-0.8208794593811035,-0.9715583324432373,-0.9809970855712891,-1.1304035186767578,-1.1366941928863525,-1.1366941928863525,-1.1366941928863525,-1.1366941928863525,-1.1366941928863525,-1.1366941928863525,-1.1366941928863525,-1.1366941928863525,-1.1366941928863525,-1.2059698104858398,-1.2148537635803223,
8510,-1.0942692756652832,-1.1299161911010742,-1.280681848526001,-1.6175590753555298,-1.7019418478012085,-1.8537650108337402,-1.8578946590423584,-1.8578946590423584,-1.8578946590423584,-1.8578946590423584,-1.8578946590423584,-1.8578946590423584,-1.8578946590423584,-1.8578946590423584,-1.8578946590423584,-1.8578946590423584,-1.8578946590423584,-1.8578946590423584,-1.8578946590423584,
9336,0.40092992782592773,0.3860011100769043,0.357222318649292,0.1849367618560791,0.1849367618560791,0.13910555839538574,0.13350129127502441,0.13350129127502441,0.13350129127502441,0.13350129127502441,0.13350129127502441,0.13350129127502441,0.13350129127502441,0.13350129127502441,0.13350129127502441,0.13350129127502441,0.13350129127502441,0.01807999610900879,0.01807999610900879,
9753,-0.22339081764221191,-0.22339081764221191,-0.2674520015716553,-0.46647095680236816,-0.46647095680236816,-0.6105329990386963,-0.613053560256958,-0.613053560256958,-0.613053560256958,-0.617748498916626,-0.617748498916626,-0.617748498916626,-0.617748498916626,-0.617748498916626,-0.617748498916626,-0.617748498916626,-0.617748498916626,-0.617748498916626,-0.617748498916626,
10390,-0.6767709255218506,-0.7938194274902344,-1.1194655895233154,-1.1194655895233154,-1.2505347728729248,-1.741930365562439,-1.9184064865112305,-1.9242899417877197,-1.9242899417877197,-1.9242899417877197,-1.9242899417877197,-1.9242899417877197,-1.9242899417877197,-1.9242899417877197,-1.9242899417877197,-1.9242899417877197,-1.9242899417877197,-1.9242899417877197,-1.9242899417877197,
10760,-2.286332607269287,-3.035189151763916,-3.6110219955444336,-3.641829490661621,-3.719264268875122,-3.738203525543213,-3.8143398761749268,-3.9399900436401367,-3.9469056129455566,-3.9469056129455566,-3.9469056129455566,-3.9469056129455566,-3.9469056129455566,-3.9469056129455566,-3.9469056129455566,-3.953317642211914,-3.9612417221069336,-3.9612417221069336,-3.9612417221069336,
11202,-1.6628329753875732,-1.8818092346191406,-1.9199166297912598,-2.118030548095703,-2.254000663757324,-2.3124711513519287,-2.4477035999298096,-2.520482063293457,-2.539194107055664,-2.5419185161590576,-2.5419185161590576,-2.5419185161590576,-2.5419185161590576,-2.5419185161590576,-2.5419185161590576,-2.5419185161590576,-2.5419185161590576,-2.5419185161590576,-2.5419185161590576,
11954,-2.504106044769287,-2.5077054500579834,-2.5077054500579834,-2.57452654838562,-2.7266616821289062,-2.905430793762207,-2.913027048110962,-2.913027048110962,-2.913027048110962,-2.913027048110962,-2.913027048110962,-2.913027048110962,-2.913027048110962,-2.913027048110962,-2.913027048110962,-2.913027048110962,-3.0449559688568115,-3.071221351623535,-3.071221351623535,
12500,-5.46457576751709,-5.612653732299805,-5.7857770919799805,-5.797606468200684,-6.047087669372559,-6.092373847961426,-6.092373847961426,-6.092373847961426,-6.092373847961426,-6.092373847961426,-6.092373847961426,-6.092373847961426,-6.092373847961426,-6.291669845581055,-6.466608047485352,-6.476843357086182,-6.477875709533691,-6.477875709533691,-6.477875709533691,
12713,-1.3197522163391113,-1.372251033782959,-1.4063143730163574,-1.6091089248657227,-1.8129719495773315,-2.020390033721924,-2.217780590057373,-2.2596659660339355,-2.2629032135009766,-2.2629032135009766,-2.2629032135009766,-2.2629032135009766,-2.2629032135009766,-2.2629032135009766,-2.2629032135009766,-2.2629032135009766,-2.2629032135009766,-2.2629032135009766,-2.2629032135009766,
13135,1.8371648788452148,1.7029013633728027,1.2558937072753906,1.250380039215088,1.0511741638183594,0.8774280548095703,0.8774280548095703,0.8774280548095703,0.8774280548095703,0.7946224212646484,0.7757854461669922,0.7757854461669922,0.7757854461669922,0.7757854461669922,0.7757854461669922,0.7757854461669922,0.7757854461669922,0.7757854461669922,0.7757854461669922,
13829,-0.3549480438232422,-0.3549480438232422,-0.40042901039123535,-0.4570295810699463,-0.5756828784942627,-0.998302698135376,-1.0716547966003418,-1.0733880996704102,-1.0733880996704102,-1.0733880996704102,-1.0733880996704102,-1.0733880996704102,-1.0733880996704102,-1.0733880996704102,-1.0733880996704102,-1.0733880996704102,-1.0733880996704102,-1.0733880996704102,-1.0733880996704102,
14176,1.1127822399139404,0.9218924045562744,0.9218924045562744,0.7938222885131836,0.7676124572753906,0.5921599864959717,0.5871522426605225,0.5871522426605225,0.5871522426605225,0.5871522426605225,0.5871522426605225,0.5871522426605225,0.5871522426605225,0.5871522426605225,0.5871522426605225,0.5871522426605225,0.5871522426605225,0.5871522426605225,0.5871522426605225,
14879,-3.8738880157470703,-4.760990619659424,-4.881882190704346,-4.881882190704346,-5.400234222412109,-5.52455472946167,-5.791966915130615,-6.140778064727783,-6.263441562652588,-6.263441562652588,-6.263441562652588,-6.263441562652588,-6.263441562652588,-6.263441562652588,-6.263441562652588,-6.263441562652588,-6.263441562652588,-6.263441562652588,-6.263441562652588,
15149,1.3876829147338867,1.0059356689453125,1.0059356689453125,0.6780309677124023,0.6780309677124023,0.6233806610107422,0.33463454246520996,0.21116256713867188,0.2058393955230713,0.20360374450683594,0.20360374450683594,0.20360374450683594,0.20360374450683594,0.20360374450683594,0.20360374450683594,0.20360374450683594,0.20360374450683594,0.20360374450683594,0.20360374450683594,
15620,-3.382094144821167,-3.456026792526245,-3.4955668449401855,-3.538078784942627,-3.538078784942627,-3.602719783782959,-3.6108527183532715,-3.612060785293579,-3.6121482849121094,-3.6124939918518066,-3.6124939918518066,-3.6124939918518066,-3.6124939918518066,-3.6128275394439697,-3.6128275394439697,-3.6128275394439697,-3.6128275394439697,-3.6128275394439697,-3.6128275394439697,
16098,-0.5391273498535156,-0.7847344875335693,-0.901167631149292,-0.9617228507995605,-0.984943151473999,-1.7521564960479736,-1.7690731287002563,-1.7731709480285645,-1.7731709480285645,-1.7731709480285645,-1.7731709480285645,-2.0033516883850098,-2.0502421855926514,-2.0502421855926514,-2.0502421855926514,-2.0502421855926514,-2.0502421855926514,-2.0502421855926514,-2.0502421855926514,
16994,-2.0921778678894043,-2.3574471473693848,-2.8601062297821045,-3.7440989017486572,-3.8786020278930664,-4.143327713012695,-4.150855541229248,-4.355815410614014,-4.42385196685791,-4.43141508102417,-4.43141508102417,-4.43141508102417,-4.43141508102417,-4.43141508102417,-4.43141508102417,-4.43141508102417,-4.43141508102417,-4.43141508102417,-4.43141508102417,
17485,-2.084300994873047,-2.1476006507873535,-2.2442502975463867,-2.2770142555236816,-2.2770142555236816,-2.3537445068359375,-2.3537445068359375,-2.3537445068359375,-2.3537445068359375,-2.3537445068359375,-2.3537445068359375,-2.3537445068359375,-2.3537445068359375,-2.3537445068359375,-2.402843952178955,-2.404093027114868,-2.404093027114868,-2.404093027114868,-2.404093027114868,
17950,-1.6502012014389038,-1.6722640991210938,-1.6722640991210938,-1.9692950248718262,-2.0852315425872803,-2.182483673095703,-2.182483673095703,-2.182483673095703,-2.182483673095703,-2.182483673095703,-2.182483673095703,-2.182483673095703,-2.182483673095703,-2.182483673095703,-2.182483673095703,-2.182483673095703,-2.182483673095703,-2.183722496032715,-2.183722496032715,
18020,-3.374143362045288,-3.374143362045288,-3.374143362045288,-3.374143362045288,-3.374143362045288,-3.374143362045288,-3.374143362045288,-3.642613172531128,-3.6579952239990234,-3.6579952239990234,-3.6579952239990234,-3.6579952239990234,-3.6579952239990234,-3.6579952239990234,-3.6579952239990234,-3.6579952239990234,-3.6579952239990234,-3.6579952239990234,-3.6579952239990234,
18505,-2.6194281578063965,-2.6194281578063965,-2.6885299682617188,-2.743058443069458,-2.743058443069458,-2.837902784347534,-2.8499698638916016,-2.908080816268921,-2.9447360038757324,-2.9459125995635986,-2.9459125995635986,-2.9459125995635986,-2.9459972381591797,-2.9459972381591797,-2.9459972381591797,-2.9459972381591797,-2.9459972381591797,-2.9459972381591797,-2.9459972381591797,
19317,-4.1963043212890625,-4.394689083099365,-4.401367664337158,-4.578879356384277,-4.5873894691467285,-4.871618270874023,-4.89005184173584,-4.892541885375977,-4.892541885375977,-4.892541885375977,-4.892541885375977,-4.892541885375977,-4.892541885375977,-4.892541885375977,-4.892541885375977,-4.892541885375977,-4.892541885375977,-4.979734420776367,-4.984017848968506,
19536,-4.791635990142822,-5.414102554321289,-5.932062149047852,-5.932062149047852,-5.95976448059082,-6.103544235229492,-6.108603000640869,-6.108603000640869,-6.1096014976501465,-6.1096014976501465,-6.1096014976501465,-6.1096014976501465,-6.219310760498047,-6.245959281921387,-6.2480010986328125,-6.2480010986328125,-6.2480010986328125,-6.2480010986328125,-6.2480010986328125,
20065,0.678398609161377,0.31679773330688477,-0.005064487457275391,-0.31041693687438965,-0.4668912887573242,-0.6000480651855469,-0.868375301361084,-0.8771247863769531,-0.8771247863769531,-0.8771247863769531,-0.8771247863769531,-0.8771247863769531,-0.8771247863769531,-0.8771247863769531,-0.8771247863769531,-0.8771247863769531,-0.8774480819702148,-0.8774480819702148,-0.8774480819702148,
20832,-0.9466361999511719,-1.1045746803283691,-1.567574381828308,-1.5870919227600098,-1.6396673917770386,-1.9785387516021729,-2.029517650604248,-2.029517650604248,-2.029517650604248,-2.4243178367614746,-2.446899175643921,-2.446899175643921,-2.446899175643921,-2.446899175643921,-2.446899175643921,-2.446899175643921,-2.446899175643921,-2.446899175643921,-2.446899175643921,
21246,-3.9138686656951904,-4.5098490715026855,-4.5098490715026855,-4.763551235198975,-4.763551235198975,-5.047879219055176,-5.126072406768799,-5.126145839691162,-5.126145839691162,-5.126145839691162,-5.126145839691162,-5.126145839691162,-5.126145839691162,-5.126145839691162,-5.126145839691162,-5.126145839691162,-5.126145839691162,-5.127525806427002,-5.127525806427002,
21925,-2.017690658569336,-2.017690658569336,-2.0406622886657715,-2.177597761154175,-2.1811397075653076,-2.952561140060425,-3.2871475219726562,-3.3638863563537598,-3.3673412799835205,-3.3673412799835205,-3.3673412799835205,-3.3673412799835205,-3.3673412799835205,-3.3673412799835205,-3.3673412799835205,-3.3673412799835205,-3.3673412799835205,-3.3673412799835205,-3.3673412799835205,
22487,-3.230552911758423,-3.602544069290161,-3.602544069290161,-3.602544069290161,-3.7532222270965576,-4.614461898803711,-4.779013633728027,-4.779338359832764,-4.779338359832764,-4.779338359832764,-4.779338359832764,-4.779338359832764,-4.779338359832764,-4.779338359832764,-4.779338359832764,-4.779338359832764,-4.88424015045166,-4.969444274902344,-4.969444274902344,
22748,1.3370747566223145,1.331580638885498,0.7201775312423706,0.6158671379089355,0.526402473449707,0.2055363655090332,0.1969599723815918,0.1969599723815918,0.1969599723815918,0.1969599723815918,-0.1693253517150879,-0.24340319633483887,-0.2444443702697754,-0.2444443702697754,-0.2444443702697754,-0.2444443702697754,-0.2444443702697754,-0.2444443702697754,-0.2444443702697754,
23489,-2.493790626525879,-2.8949813842773438,-2.9301860332489014,-3.0172324180603027,-3.14614200592041,-3.3173868656158447,-3.3173868656158447,-3.3173868656158447,-3.7309772968292236,-3.840817928314209,-3.91251802444458,-3.912848711013794,-3.912848711013794,-3.912848711013794,-3.912848711013794,-3.912848711013794,-3.912848711013794,-3.912848711013794,-3.912848711013794,
23572,-6.574590682983398,-6.644233703613281,-6.719873428344727,-6.891136169433594,-7.031150817871094,-7.110081672668457,-7.154209136962891,-7.175411224365234,-7.175411224365234,-7.175411224365234,-7.397167205810547,-7.412171363830566,-7.412171363830566,-7.412171363830566,-7.412171363830566,-7.412171363830566,-7.412171363830566,-7.412171363830566,-7.412171363830566,
24374,-1.34433913230896,-1.6753944158554077,-2.083629608154297,-2.2103350162506104,-2.2103350162506104,-2.3705649375915527,-2.5055179595947266,-2.511651039123535,-2.511651039123535,-2.511651039123535,-2.511651039123535,-2.511651039123535,-2.511651039123535,-2.511651039123535,-2.511651039123535,-2.511651039123535,-2.511651039123535,-2.5525388717651367,-2.632103204727173,
24724,-2.0875959396362305,-2.137185573577881,-2.3100171089172363,-2.3100171089172363,-2.441453456878662,-2.73421049118042,-2.73421049118042,-2.73421049118042,-2.73421049118042,-2.7850327491760254,-2.786144733428955,-3.0935795307159424,-3.134981393814087,-3.134981393814087,-3.134981393814087,-3.134981393814087,-3.134981393814087,-3.134981393814087,-3.134981393814087,
25083,-2.6338281631469727,-2.69061279296875,-2.924926280975342,-3.2689151763916016,-3.606172800064087,-3.664672374725342,-3.666858673095703,-3.666858673095703,-3.666858673095703,-3.666858673095703,-3.666858673095703,-3.666858673095703,-3.666858673095703,-3.666858673095703,-3.666858673095703,-3.666858673095703,-3.666858673095703,-3.666858673095703,-3.666858673095703,
25508,-2.5377213954925537,-2.5377213954925537,-2.5377213954925537,-2.807363510131836,-2.807363510131836,-3.1748886108398438,-3.185845375061035,-3.563234567642212,-3.817129135131836,-3.8386263847351074,-3.8386263847351074,-3.8386263847351074,-3.8386263847351074,-3.8386263847351074,-3.8386263847351074,-3.8386263847351074,-3.8386263847351074,-3.8386263847351074,-3.8386263847351074,
26094,-2.8150110244750977,-2.8150110244750977,-3.1909334659576416,-3.5186305046081543,-3.5186305046081543,-3.9617953300476074,-4.010490417480469,-4.010490417480469,-4.12879753112793,-4.12879753112793,-4.12879753112793,-4.219444274902344,-4.235584735870361,-4.238370418548584,-4.238370418548584,-4.238370418548584,-4.238370418548584,-4.238370418548584,-4.238370418548584,
26594,-5.361326217651367,-5.896576881408691,-6.278717041015625,-6.569309234619141,-6.793671607971191,-7.208214282989502,-7.22551155090332,-7.22551155090332,-7.22551155090332,-7.22551155090332,-7.22551155090332,-7.22551155090332,-7.22551155090332,-7.22551155090332,-7.22551155090332,-7.22551155090332,-7.22551155090332,-7.22551155090332,-7.22551155090332,
27274,-5.25129508972168,-5.276915073394775,-5.515787124633789,-5.65806770324707,-5.712349891662598,-6.078621864318848,-6.078621864318848,-6.078621864318848,-6.078621864318848,-6.078621864318848,-6.078621864318848,-6.367356300354004,-6.544847011566162,-6.567740440368652,-6.567740440368652,-6.567740440368652,-6.567740440368652,-6.567740440368652,-6.567740440368652,
27751,-5.160731792449951,-5.349340915679932,-5.439138889312744,-5.691469192504883,-5.720672607421875,-5.833568572998047,-5.892366409301758,-5.892366409301758,-5.944643497467041,-6.076938152313232,-6.076938152313232,-6.076938152313232,-6.076938152313232,-6.076938152313232,-6.076938152313232,-6.076938152313232,-6.076938152313232,-6.076938152313232,-6.076938152313232,
28308,3.1221835613250732,2.7294719219207764,2.6319358348846436,2.6319358348846436,2.4217031002044678,2.4217031002044678,2.2283780574798584,1.900233507156372,1.6418049335479736,1.6382849216461182,1.6382849216461182,1.6382849216461182,1.6382849216461182,1.6382849216461182,1.6382849216461182,1.6382849216461182,1.6382849216461182,1.6356704235076904,1.6356704235076904,
28945,-3.6145427227020264,-3.6335806846618652,-3.6335806846618652,-3.6335806846618652,-3.638838768005371,-4.009781837463379,-4.160840034484863,-4.167591571807861,-4.167591571807861,-4.167591571807861,-4.167591571807861,-4.167591571807861,-4.167591571807861,-4.167591571807861,-4.167591571807861,-4.167591571807861,-4.167591571807861,-4.167591571807861,-4.167591571807861,
29272,-5.6239013671875,-5.778941631317139,-6.185288906097412,-6.605352401733398,-6.736644744873047,-6.780250072479248,-6.790785312652588,-6.791536808013916,-6.791536808013916,-6.791536808013916,-6.791536808013916,-6.791536808013916,-6.791536808013916,-6.791536808013916,-6.791536808013916,-6.791536808013916,-6.791536808013916,-6.791536808013916,-6.791536808013916,
29995,2.6339762210845947,2.251152276992798,2.1848461627960205,2.160496950149536,2.160496950149536,1.9782540798187256,1.974017858505249,1.8763682842254639,1.8717291355133057,1.8717291355133057,1.8717291355133057,1.8717291355133057,1.8717291355133057,1.8717291355133057,1.8717291355133057,1.8717291355133057,1.8717291355133057,1.8717291355133057,1.8717291355133057,
30252,-1.7779101133346558,-2.0467371940612793,-2.0467371940612793,-2.1025235652923584,-2.296478033065796,-2.6460723876953125,-2.679697036743164,-2.679697036743164,-2.679697036743164,-2.679697036743164,-2.679697036743164,-2.679697036743164,-2.679697036743164,-2.679697036743164,-2.679697036743164,-2.679697036743164,-2.679697036743164,-2.679697036743164,-2.679697036743164,
30895,-2.133207321166992,-2.276324987411499,-2.332087516784668,-2.3837130069732666,-2.4559173583984375,-2.7734310626983643,-2.920138120651245,-3.0574893951416016,-3.0594098567962646,-3.0594098567962646,-3.0594098567962646,-3.0594098567962646,-3.0594098567962646,-3.0594098567962646,-3.0594098567962646,-3.0594098567962646,-3.0594098567962646,-3.0594098567962646,-3.0594098567962646,
31211,-2.161649703979492,-2.6249570846557617,-2.6671314239501953,-2.693084478378296,-2.7173354625701904,-2.83402419090271,-2.8925321102142334,-2.8925321102142334,-2.8925321102142334,-2.8925321102142334,-2.8925321102142334,-2.8925321102142334,-2.8925321102142334,-2.8925321102142334,-2.9539926052093506,-2.9539926052093506,-3.035644769668579,-3.1513233184814453,-3.1582651138305664,
31555,-3.937114953994751,-3.937114953994751,-4.109882354736328,-4.206350803375244,-4.221254348754883,-4.352777004241943,-4.356380939483643,-4.356380939483643,-4.512693405151367,-4.573066234588623,-4.576467990875244,-4.576467990875244,-4.576467990875244,-4.576467990875244,-4.576511383056641,-4.576511383056641,-4.576511383056641,-4.576511383056641,-4.576511383056641,
32337,1.3729634284973145,1.2147631645202637,-0.28296828269958496,-0.39508795738220215,-0.395766019821167,-1.4127531051635742,-1.4518864154815674,-1.4518864154815674,-1.4518864154815674,-1.4518864154815674,-1.4541802406311035,-1.4541802406311035,-1.4541802406311035,-1.4541802406311035,-1.4541802406311035,-1.4541802406311035,-1.7122374773025513,-1.7215173244476318,-1.7215173244476318,
32924,0.15443158149719238,0.1318507194519043,0.03892230987548828,-0.24309277534484863,-0.294938325881958,-0.9048969745635986,-1.0164625644683838,-1.018280029296875,-1.018280029296875,-1.018280029296875,-1.0200645923614502,-1.0227367877960205,-1.0227367877960205,-1.0227367877960205,-1.0227367877960205,-1.0227367877960205,-1.0227367877960205,-1.0227367877960205,-1.0227367877960205,
33313,-0.9071226119995117,-1.1937992572784424,-1.4544079303741455,-1.6310219764709473,-1.712950348854065,-2.0254697799682617,-2.0883891582489014,-2.089953899383545,-2.089953899383545,-2.213071346282959,-2.6074113845825195,-2.626497983932495,-2.626497983932495,-2.626497983932495,-2.626497983932495,-2.626497983932495,-2.626497983932495,-2.626497983932495,-2.626497983932495,
33718,-2.575932502746582,-2.575932502746582,-3.0621337890625,-3.3643791675567627,-3.3643791675567627,-3.671222448348999,-3.673389196395874,-3.673389196395874,-3.715052604675293,-3.715052604675293,-3.715052604675293,-3.715052604675293,-3.715052604675293,-3.715052604675293,-3.715052604675293,-3.9714419841766357,-3.9977340698242188,-3.9977340698242188,-3.9977340698242188,
34438,1.3814234733581543,1.0946025848388672,0.5470170974731445,0.3852858543395996,0.30999135971069336,0.19005727767944336,0.18639183044433594,0.18639183044433594,0.18639183044433594,0.17374682426452637,0.17374682426452637,0.17374682426452637,0.17374682426452637,0.17374682426452637,0.17374682426452637,0.17374682426452637,0.17374682426452637,0.17374682426452637,0.17374682426452637,
34947,-0.556654691696167,-0.7383646965026855,-1.1704583168029785,-1.2895574569702148,-1.3397413492202759,-1.699027419090271,-1.709773302078247,-1.709922194480896,-1.709922194480896,-1.709922194480896,-1.709922194480896,-1.709922194480896,-1.709922194480896,-1.709922194480896,-1.709922194480896,-1.709922194480896,-1.709922194480896,-1.709922194480896,-1.709922194480896,
35214,-2.0332188606262207,-3.004136323928833,-3.004136323928833,-3.4306697845458984,-3.488893508911133,-4.381314754486084,-4.400899887084961,-4.402287006378174,-4.402287006378174,-4.402287006378174,-4.402287006378174,-4.402287006378174,-4.402287006378174,-4.406764030456543,-4.406764030456543,-4.406764030456543,-4.406764030456543,-4.406764030456543,-4.406764030456543,
35730,4.157495975494385,4.054710865020752,3.8683366775512695,3.8408851623535156,3.8408851623535156,3.6510672569274902,3.4193553924560547,3.1747488975524902,3.146186351776123,3.1439714431762695,3.1439714431762695,3.1439714431762695,3.1439714431762695,3.1439714431762695,3.1439714431762695,3.1439714431762695,3.1439714431762695,3.1439714431762695,3.1439714431762695,
36322,1.2156453132629395,0.16276121139526367,0.12070417404174805,-0.4080171585083008,-0.4080171585083008,-0.664689302444458,-0.6965420246124268,-0.6965420246124268,-0.6965420246124268,-0.6965420246124268,-0.6965420246124268,-0.6965420246124268,-0.6965420246124268,-0.6965420246124268,-0.6965420246124268,-0.6965420246124268,-0.7694344520568848,-0.8304595947265625,-0.8304595947265625,
36650,-3.3963546752929688,-3.3963546752929688,-3.474959373474121,-3.474959373474121,-3.7800631523132324,-4.005039215087891,-4.182102203369141,-4.212181568145752,-4.212181568145752,-4.212181568145752,-4.212181568145752,-4.212181568145752,-4.212181568145752,-4.349761962890625,-4.355443477630615,-4.355443477630615,-4.355443477630615,-4.355443477630615,-4.355443477630615,
37116,-3.408780336380005,-3.5516035556793213,-3.9705471992492676,-4.078340530395508,-4.269266128540039,-4.663572788238525,-4.733281135559082,-4.738823890686035,-4.738823890686035,-4.738823890686035,-4.738823890686035,-4.738823890686035,-4.867441654205322,-4.884877681732178,-4.884877681732178,-4.884877681732178,-4.884877681732178,-4.884877681732178,-4.884877681732178,
37969,-1.5370328426361084,-2.1348774433135986,-2.4352169036865234,-2.7644388675689697,-3.2438931465148926,-3.534679651260376,-3.5994622707366943,-3.6035194396972656,-3.6035194396972656,-3.6035194396972656,-3.6035194396972656,-3.6035194396972656,-3.6035194396972656,-3.6035194396972656,-3.6035194396972656,-3.6035194396972656,-3.6035194396972656,-3.6035194396972656,-3.6035194396972656,
38378,-1.3236838579177856,-1.5489327907562256,-1.9248563051223755,-1.9248563051223755,-2.0738396644592285,-2.8754494190216064,-2.9566242694854736,-2.9566242694854736,-2.9566242694854736,-2.9566242694854736,-2.9566242694854736,-2.9566242694854736,-2.9566242694854736,-2.9566242694854736,-2.9566242694854736,-2.9566242694854736,-2.9566242694854736,-2.9566242694854736,-2.9566242694854736,
38888,-1.0231378078460693,-1.0231378078460693,-1.0945336818695068,-1.2095749378204346,-1.2095749378204346,-1.4129242897033691,-1.654977560043335,-1.663450837135315,-1.663450837135315,-1.663450837135315,-1.663450837135315,-1.663450837135315,-1.663450837135315,-1.663450837135315,-1.663450837135315,-1.663450837135315,-1.663450837135315,-1.663450837135315,-1.663450837135315,
39104,-1.8552194833755493,-1.961005449295044,-2.0148024559020996,-2.1115684509277344,-2.1115684509277344,-2.240924835205078,-2.3709373474121094,-2.416234016418457,-2.416234016418457,-2.416234016418457,-2.4711945056915283,-2.509866237640381,-2.5160045623779297,-2.5160045623779297,-2.5160045623779297,-2.5160045623779297,-2.5160045623779297,-2.5160045623779297,-2.5160045623779297,
39925,1.5229682922363281,1.4263343811035156,1.1576251983642578,1.153733253479004,1.1052374839782715,1.0583171844482422,0.9369421005249023,0.06912875175476074,0.008183479309082031,0.006590604782104492,0.006590604782104492,0.006590604782104492,0.006590604782104492,0.006590604782104492,0.006590604782104492,0.006590604782104492,0.006590604782104492,0.006590604782104492,0.006590604782104492,
40222,-3.9260377883911133,-4.000374794006348,-4.035468101501465,-4.037981986999512,-4.15631103515625,-4.381293773651123,-4.391068458557129,-4.391068458557129,-4.391068458557129,-4.6934356689453125,-4.705500602722168,-4.705500602722168,-4.705500602722168,-4.705500602722168,-4.705500602722168,-4.705500602722168,-4.705500602722168,-4.705500602722168,-4.705500602722168,
40934,-4.5127081871032715,-4.541732311248779,-4.841376781463623,-4.888882160186768,-4.888882160186768,-5.075908660888672,-5.168608665466309,-5.197516441345215,-5.510562896728516,-5.566900253295898,-5.571550369262695,-5.571550369262695,-5.571550369262695,-5.571550369262695,-5.571550369262695,-5.571550369262695,-5.571550369262695,-5.571550369262695,-5.571550369262695,
41110,1.510911464691162,0.975257396697998,0.8839626312255859,0.869626522064209,0.8070101737976074,0.6652536392211914,0.6626238822937012,0.6616783142089844,0.6616783142089844,0.6616783142089844,0.6616783142089844,0.6616783142089844,0.6616783142089844,0.6616783142089844,0.6616783142089844,0.6616783142089844,0.6616783142089844,0.6616783142089844,0.6616783142089844,
41918,-4.284424781799316,-4.404486656188965,-4.404486656188965,-4.425907611846924,-4.54271936416626,-4.834553241729736,-4.834553241729736,-4.834553241729736,-4.834553241729736,-4.834553241729736,-4.87556791305542,-4.923412799835205,-4.925675392150879,-4.925675392150879,-4.925675392150879,-4.925675392150879,-4.925675392150879,-4.925675392150879,-4.925675392150879,
42257,-3.7496566772460938,-4.249940872192383,-4.374593734741211,-4.555196762084961,-4.604671955108643,-4.95496940612793,-4.968389511108398,-4.968389511108398,-4.996460914611816,-5.143430709838867,-5.148843765258789,-5.148843765258789,-5.148843765258789,-5.148843765258789,-5.148843765258789,-5.148843765258789,-5.148843765258789,-5.148843765258789,-5.148843765258789,
42554,-3.8418056964874268,-3.90567684173584,-4.302246570587158,-4.569195747375488,-4.899661540985107,-5.09874153137207,-5.09874153137207,-5.345428466796875,-5.458929061889648,-5.459612846374512,-5.459612846374512,-5.459612846374512,-5.459612846374512,-5.459612846374512,-5.459612846374512,-5.459612846374512,-5.459612846374512,-5.459612846374512,-5.459612846374512,
43147,-1.8031091690063477,-1.8290131092071533,-2.6481542587280273,-2.746438980102539,-2.9370996952056885,-2.994114637374878,-3.169323444366455,-3.169323444366455,-3.300570487976074,-3.3300929069519043,-3.3329131603240967,-3.3329131603240967,-3.3329131603240967,-3.3329131603240967,-3.3329131603240967,-3.3329131603240967,-3.3329131603240967,-3.3329131603240967,-3.3329131603240967,
43947,-2.9037694931030273,-3.1108133792877197,-3.476555347442627,-3.655686140060425,-3.669863224029541,-3.811035394668579,-3.8200221061706543,-3.8200221061706543,-3.8200221061706543,-3.8200221061706543,-3.8200221061706543,-3.8200221061706543,-3.8200221061706543,-3.8200221061706543,-3.8200221061706543,-3.8200221061706543,-3.8200221061706543,-3.8200221061706543,-3.8200221061706543,
44042,1.1556992530822754,0.6329073905944824,0.5165414810180664,0.45459914207458496,0.42943263053894043,0.06730294227600098,0.06730294227600098,-0.2054452896118164,-0.27819108963012695,-0.27819108963012695,-0.27819108963012695,-0.27819108963012695,-0.27819108963012695,-0.27819108963012695,-0.27819108963012695,-0.27819108963012695,-0.27819108963012695,-0.27819108963012695,-0.27819108963012695,
44755,-0.5062103271484375,-0.9209593534469604,-0.9209593534469604,-0.9209593534469604,-0.9552502632141113,-1.2670950889587402,-1.3899503946304321,-1.6796954870224,-1.7531262636184692,-1.7611209154129028,-1.7611209154129028,-1.7611209154129028,-1.7611209154129028,-1.7611209154129028,-1.7611209154129028,-1.7611209154129028,-1.7611209154129028,-1.7611209154129028,-1.7611209154129028,
45394,-3.162590980529785,-3.1877951622009277,-3.307863235473633,-3.307863235473633,-3.307863235473633,-3.434619903564453,-3.6753573417663574,-3.677828311920166,-3.677828311920166,-3.677828311920166,-3.681180953979492,-3.681180953979492,-3.681180953979492,-3.681180953979492,-3.681180953979492,-3.681180953979492,-3.681180953979492,-3.681180953979492,-3.681180953979492,
45542,-2.4500157833099365,-2.4500157833099365,-2.5276682376861572,-2.5276682376861572,-2.709855556488037,-3.1022121906280518,-3.1348228454589844,-3.1348228454589844,-3.1348228454589844,-3.1348228454589844,-3.1348228454589844,-3.1348228454589844,-3.1348228454589844,-3.1348228454589844,-3.1348228454589844,-3.1348228454589844,-3.1348228454589844,-3.1348228454589844,-3.1355371475219727,
46054,-4.6327009201049805,-4.9875030517578125,-5.165633201599121,-5.550389289855957,-5.600341320037842,-6.003854751586914,-6.037186622619629,-6.037186622619629,-6.037186622619629,-6.037186622619629,-6.037186622619629,-6.037186622619629,-6.037186622619629,-6.037186622619629,-6.037186622619629,-6.037186622619629,-6.109038352966309,-6.109038352966309,-6.109038352966309,
46894,0.616330623626709,0.26282358169555664,0.19459891319274902,-0.022358179092407227,-0.022358179092407227,-0.16644501686096191,-0.16988086700439453,-0.16988086700439453,-0.16988086700439453,-0.16988086700439453,-0.16988086700439453,-0.16988086700439453,-0.16988086700439453,-0.16988086700439453,-0.16988086700439453,-0.16988086700439453,-0.16988086700439453,-0.16988086700439453,-0.16988086700439453,
47233,0.819643497467041,0.819643497467041,0.6835441589355469,0.6354293823242188,0.604069709777832,0.4989900588989258,0.4952123165130615,0.4952123165130615,0.4952123165130615,0.4952123165130615,0.4952123165130615,0.3033792972564697,0.28206896781921387,0.2816433906555176,0.2816433906555176,0.2816433906555176,0.2816433906555176,0.2816433906555176,0.2816433906555176,
47893,0.8317344188690186,0.20326566696166992,0.025908231735229492,-0.5111868381500244,-0.5611605644226074,-0.6366229057312012,-0.6366229057312012,-0.6404769420623779,-0.6404769420623779,-0.6404769420623779,-0.6404769420623779,-0.6404769420623779,-0.6404769420623779,-0.6404769420623779,-0.6404769420623779,-0.6404769420623779,-0.6404769420623779,-0.6404769420623779,-0.6404769420623779,
48029,-1.857024073600769,-2.091470956802368,-2.2087197303771973,-2.2087197303771973,-2.2172675132751465,-2.254800796508789,-2.254800796508789,-2.254800796508789,-2.254800796508789,-2.254800796508789,-2.254800796508789,-2.254800796508789,-2.254800796508789,-2.254800796508789,-2.4130115509033203,-2.423861503601074,-2.423861503601074,-2.423861503601074,-2.423861503601074,
48700,1.6393623352050781,1.6393623352050781,1.6248841285705566,1.187410831451416,1.0094661712646484,0.8026375770568848,0.796483039855957,0.796483039855957,0.796483039855957,0.796483039855957,0.796483039855957,0.796483039855957,0.796483039855957,0.7019000053405762,0.6442065238952637,0.6309967041015625,0.6309967041015625,0.6309967041015625,0.6309967041015625,
49015,-0.29535770416259766,-0.8699073791503906,-0.8699073791503906,-1.1094279289245605,-1.1987334489822388,-1.55354642868042,-1.5605261325836182,-1.5605261325836182,-1.658815860748291,-1.6687318086624146,-1.6687318086624146,-1.734753966331482,-1.9367382526397705,-2.0135982036590576,-2.0135982036590576,-2.0135982036590576,-2.0135982036590576,-2.0135982036590576,-2.0135982036590576,
